645 
0 
0 
0 
57 
0 
1665 
1087 
1455 
73 
1172 
1094 
0 
1739 
1202 
1290 
0 
0 
0 
569 
0 
1532 
0 
358 
337 
437 
0 
567 
1086 
12 
73 
922 
1024 
183 
25 
0 
0 
0 
979 
4 
3 
7 
162 
305 
1285 
0 
1185 
0 
1263 
402 
576 
1284 
0 
0 
832 
908 
0 
422 
1425 
1268 
12 
0 
1692 
439 
0 
0 
28 
0 
384 
0 
0 
1079 
1257 
1149 
541 
642 
133 
966 
406 
0 
0 
848 
1335 
431 
0 
0 
363 
837 
414 
7 
411 
888 
7 
0 
1075 
0 
0 
999 
0 
0 
0 
0 
0 
466 
1336 
1864 
272 
0 
34 
21 
105 
1408 
6 
0 
505 
0 
0 
2 
0 
58 
786 
0 
0 
358 
1532 
1405 
0 
48 
1702 
0 
0 
1183 
1874 
1363 
0 
2328 
0 
37 
1260 
0 
1453 
2188 
0 
787 
0 
1744 
1108 
3 
1404 
1102 
2703 
26 
1477 
1909 
980 
0 
1121 
0 
0 
0 
1 
0 
197 
312 
25 
1613 
0 
0 
682 
1564 
0 
585 
3 
260 
0 
345 
432 
0 
9 
0 
1411 
1097 
0 
0 
1589 
2577 
29 
916 
1156 
4 
1 
1814 
17 
0 
0 
669 
836 
188 
2 
391 
283 
633 
670 
21 
428 
0 
40 
0 
10 
1 
2184 
81 
0 
1558 
1074 
0 
178 
662 
0 
182 
510 
0 
0 
1827 
799 
0 
619 
707 
0 
139 
1181 
1513 
1660 
0 
1862 
8 
1373 
0 
2181 
31 
103 
1911 
55 
148 
1753 
19 
2594 
0 
584 
369 
312 
480 
2 
114 
0 
0 
0 
1432 
16 
1212 
2104 
115 
0 
180 
0 
323 
2001 
910 
1191 
119 
0 
2203 
0 
322 
0 
1 
1552 
0 
345 
0 
1161 
2078 
22 
287 
0 
373 
220 
201 
1030 
0 
425 
1939 
0 
632 
0 
0 
0 
0 
52 
342 
1984 
1 
208 
2196 
128 
0 
2 
1243 
0 
0 
6 
5 
0 
78 
0 
858 
0 
341 
942 
1719 
797 
667 
2058 
86 
481 
128 
295 
1256 
151 
1456 
6 
0 
254 
1233 
1707 
1626 
325 
1719 
1685 
0 
17 
46 
69 
1848 
370 
1797 
2241 
481 
912 
763 
82 
1042 
1405 
1238 
0 
738 
1210 
577 
0 
0 
0 
0 
0 
1869 
137 
1367 
7 
246 
164 
2505 
1036 
1152 
206 
0 
43 
758 
845 
1176 
1484 
932 
352 
0 
0 
2317 
448 
17 
0 
893 
940 
2037 
214 
0 
1460 
0 
1827 
0 
1123 
697 
0 
0 
1239 
232 
1033 
0 
63 
0 
23 
0 
0 
56 
0 
1474 
214 
279 
1561 
298 
199 
0 
219 
356 
79 
3 
876 
0 
4 
23 
831 
1543 
108 
0 
0 
66 
1577 
606 
0 
430 
3 
0 
0 
0 
414 
609 
0 
0 
921 
0 
3 
14 
2 
192 
0 
68 
1199 
378 
2513 
1411 
1 
1 
1142 
7 
1 
0 
0 
1310 
311 
0 
1356 
1015 
648 
1 
228 
3 
1956 
0 
0 
1886 
782 
1653 
1436 
723 
0 
1838 
1429 
36 
2073 
155 
4 
1 
282 
0 
683 
0 
0 
2071 
0 
1020 
8 
1574 
0 
34 
359 
42 
1045 
867 
3 
3 
1086 
2734 
878 
0 
2287 
31 
0 
2781 
0 
1181 
1746 
142 
430 
1103 
1 
1037 
204 
2074 
2051 
2481 
2359 
477 
0 
0 
1123 
41 
2077 
1 
726 
0 
917 
0 
138 
1966 
0 
0 
1934 
0 
0 
202 
82 
916 
376 
1431 
1890 
1434 
142 
0 
457 
2172 
315 
0 
1058 
0 
549 
0 
2113 
0 
1549 
239 
511 
1772 
0 
1685 
594 
64 
17 
0 
71 
872 
233 
0 
2130 
2587 
2873 
1738 
434 
1768 
611 
376 
270 
0 
2348 
1783 
122 
26 
1654 
402 
834 
858 
0 
0 
2095 
3454 
0 
0 
1705 
648 
0 
1016 
0 
1031 
1103 
1685 
235 
396 
472 
47 
609 
4 
4 
157 
356 
1805 
29 
983 
0 
0 
0 
0 
0 
0 
0 
9 
12 
1 
2016 
7 
17 
0 
0 
855 
0 
178 
2063 
0 
0 
0 
2204 
674 
3 
1905 
0 
1425 
0 
146 
763 
1451 
985 
5 
780 
1523 
113 
0 
183 
2218 
1025 
0 
0 
1675 
1866 
278 
449 
1280 
9 
1093 
0 
813 
702 
245 
2244 
3503 
69 
0 
0 
0 
2252 
1972 
1 
1536 
53 
2366 
1994 
800 
29 
1629 
0 
430 
87 
669 
49 
8 
59 
0 
467 
2364 
1083 
0 
0 
0 
260 
54 
0 
2800 
0 
885 
0 
1109 
2341 
829 
1401 
652 
2 
1806 
77 
2141 
249 
0 
462 
450 
879 
1303 
55 
0 
48 
2360 
416 
2326 
238 
990 
1279 
472 
0 
0 
1474 
552 
379 
22 
51 
0 
446 
14 
2020 
1771 
1225 
1503 
88 
3395 
2092 
2376 
10 
412 
0 
92 
2271 
2083 
0 
114 
0 
426 
0 
331 
1931 
0 
2278 
0 
1244 
1184 
0 
1597 
265 
728 
187 
1 
459 
0 
19 
669 
1326 
2435 
0 
10 
11 
478 
0 
0 
0 
0 
3203 
1542 
0 
892 
8 
1 
1025 
0 
582 
886 
0 
275 
2410 
0 
304 
2678 
2879 
3748 
820 
2232 
0 
1158 
1318 
6 
2186 
1031 
2084 
4 
1 
1111 
0 
507 
0 
2400 
698 
905 
1862 
350 
800 
182 
680 
0 
3851 
791 
1700 
1168 
68 
1033 
0 
2681 
2180 
3 
138 
37 
0 
496 
3 
1472 
25 
7 
1710 
1002 
282 
1741 
0 
5 
0 
2913 
2 
0 
0 
300 
2502 
3831 
482 
0 
1163 
2766 
1197 
1472 
0 
0 
1373 
0 
1510 
1231 
63 
1248 
1329 
1595 
7 
0 
38 
2148 
1877 
567 
2171 
978 
0 
55 
12 
2006 
1536 
2553 
39 
1862 
497 
1918 
472 
142 
1439 
96 
0 
0 
0 
2373 
3333 
215 
872 
7 
966 
0 
400 
0 
0 
2 
8 
0 
631 
11 
84 
1111 
399 
495 
0 
3 
1179 
0 
14 
304 
881 
109 
149 
727 
738 
1012 
496 
829 
3789 
412 
709 
3488 
1168 
142 
0 
163 
1951 
140 
272 
262 
0 
1403 
422 
636 
2653 
684 
2212 
0 
1906 
1660 
0 
10 
1405 
0 
71 
3 
1142 
262 
2669 
48 
0 
3166 
1 
432 
1846 
818 
0 
98 
0 
17 
55 
444 
867 
123 
16 
500 
1 
73 
0 
43 
1582 
414 
254 
0 
15 
2541 
0 
225 
116 
2004 
0 
1795 
2178 
0 
10 
248 
56 
257 
0 
1364 
1964 
42 
3 
2642 
2711 
782 
