1469 
2442 
2 
0 
35 
1869 
0 
353 
993 
1572 
1095 
0 
12 
1458 
0 
1659 
545 
0 
0 
1243 
0 
0 
1410 
911 
1701 
1660 
0 
0 
84 
728 
0 
5 
0 
1031 
2089 
1108 
524 
225 
1237 
2233 
3 
43 
1324 
327 
1085 
1049 
615 
61 
1840 
1892 
0 
491 
989 
242 
1058 
965 
625 
0 
2592 
340 
36 
0 
211 
0 
146 
2168 
46 
0 
227 
0 
0 
0 
8 
2103 
1334 
0 
23 
128 
0 
0 
1307 
0 
0 
0 
2280 
201 
33 
2174 
0 
2019 
0 
1299 
0 
5 
0 
13 
12 
155 
0 
2222 
268 
14 
3 
1179 
0 
48 
946 
661 
2407 
425 
1772 
810 
0 
8 
1034 
2076 
431 
1207 
0 
146 
0 
0 
117 
190 
3 
43 
136 
342 
5 
0 
0 
0 
2119 
50 
0 
1213 
0 
1323 
1189 
0 
2041 
0 
7 
0 
1792 
0 
3 
338 
0 
2278 
330 
382 
0 
2810 
543 
1468 
1179 
1166 
182 
0 
2180 
745 
22 
0 
312 
1 
1199 
0 
0 
0 
0 
0 
5 
1587 
2214 
1940 
0 
1298 
1612 
3 
0 
920 
1195 
0 
1226 
2686 
1494 
960 
1319 
247 
0 
337 
1327 
0 
0 
9 
0 
240 
0 
0 
0 
2360 
1538 
23 
17 
0 
1169 
1970 
3 
0 
1240 
0 
1825 
1030 
87 
1516 
92 
7 
2776 
679 
1584 
0 
994 
0 
370 
0 
173 
0 
2113 
0 
37 
1400 
0 
283 
0 
0 
2593 
0 
193 
0 
0 
429 
84 
0 
0 
2178 
0 
786 
2479 
0 
0 
1403 
155 
0 
453 
0 
1684 
142 
0 
681 
0 
156 
1860 
1409 
0 
554 
0 
0 
572 
1269 
4 
1420 
1670 
0 
0 
1024 
1634 
0 
0 
5 
0 
35 
0 
2428 
176 
0 
0 
0 
1017 
1795 
1586 
7 
937 
0 
1240 
0 
1161 
0 
0 
2720 
393 
0 
1181 
1431 
0 
0 
435 
457 
0 
2112 
395 
204 
186 
0 
970 
21 
730 
4 
1801 
0 
578 
1199 
1438 
182 
1496 
771 
67 
158 
0 
0 
47 
749 
951 
0 
6 
0 
0 
0 
0 
54 
33 
0 
491 
1966 
307 
938 
22 
1326 
801 
986 
148 
2988 
301 
130 
22 
352 
1841 
205 
394 
0 
2403 
0 
2 
441 
279 
786 
1560 
896 
122 
917 
56 
0 
0 
252 
1485 
663 
2336 
0 
1370 
133 
3412 
0 
887 
0 
817 
0 
0 
0 
0 
7 
0 
1026 
0 
271 
1130 
0 
2715 
207 
731 
0 
1016 
1390 
2944 
2 
2351 
1405 
1930 
0 
1450 
213 
455 
1839 
0 
1 
1 
10 
323 
1586 
458 
1326 
12 
2711 
13 
1171 
2 
201 
49 
0 
45 
0 
6 
0 
0 
1075 
2 
2133 
662 
1416 
1 
2016 
1394 
0 
79 
0 
107 
18 
1282 
3386 
2644 
2508 
203 
78 
0 
0 
0 
0 
3351 
126 
0 
12 
0 
0 
158 
0 
1163 
873 
0 
1014 
0 
2236 
1419 
0 
788 
0 
1 
236 
431 
335 
1425 
233 
0 
886 
852 
0 
258 
20 
414 
0 
2553 
773 
0 
0 
0 
147 
0 
823 
549 
0 
2 
323 
0 
2308 
171 
0 
0 
0 
0 
0 
0 
0 
722 
14 
463 
1242 
0 
0 
1909 
2 
264 
701 
0 
3 
0 
0 
1651 
0 
13 
21 
224 
274 
1293 
0 
2112 
567 
519 
3552 
334 
3306 
1435 
781 
0 
163 
4 
1214 
508 
0 
60 
1428 
0 
0 
0 
22 
165 
275 
3 
1788 
81 
175 
0 
1720 
847 
17 
781 
89 
4 
0 
0 
506 
3605 
630 
85 
0 
1678 
2329 
2366 
2 
26 
0 
35 
28 
413 
0 
0 
0 
3058 
1323 
0 
670 
0 
25 
1539 
1100 
11 
0 
1771 
17 
79 
0 
0 
1494 
553 
0 
422 
1399 
0 
682 
0 
2 
2076 
1340 
203 
0 
200 
92 
95 
2 
0 
594 
0 
1174 
0 
1919 
326 
0 
1270 
0 
165 
0 
7 
1167 
0 
50 
971 
1492 
656 
1612 
0 
0 
313 
1057 
0 
225 
868 
569 
27 
0 
2 
21 
391 
0 
283 
0 
0 
2325 
0 
773 
0 
0 
231 
0 
0 
2094 
1 
64 
3 
3 
456 
2 
702 
62 
26 
0 
1981 
2367 
897 
1693 
89 
348 
0 
0 
0 
2519 
81 
0 
1 
382 
0 
1309 
137 
2455 
0 
0 
554 
0 
0 
1028 
0 
0 
340 
17 
0 
1378 
49 
0 
0 
0 
0 
0 
570 
240 
0 
0 
1969 
0 
0 
1883 
0 
1058 
12 
0 
0 
0 
0 
1828 
0 
0 
3 
196 
0 
1583 
110 
0 
273 
0 
1982 
0 
566 
4 
0 
7 
0 
48 
580 
0 
0 
196 
2053 
1760 
2419 
0 
0 
5 
20 
0 
812 
1865 
0 
0 
849 
32 
0 
529 
36 
20 
0 
0 
1921 
71 
0 
0 
77 
0 
290 
2 
0 
0 
0 
952 
1141 
1658 
0 
2045 
1101 
2515 
11 
0 
0 
3162 
259 
291 
240 
0 
0 
0 
0 
10 
850 
756 
369 
0 
1012 
387 
3717 
2268 
256 
425 
1618 
33 
0 
1 
97 
0 
4 
2091 
0 
0 
0 
0 
118 
0 
0 
799 
1873 
2214 
8 
373 
2287 
2110 
0 
1074 
596 
676 
1234 
311 
0 
478 
0 
17 
2446 
0 
0 
890 
0 
0 
147 
2 
0 
6 
557 
568 
32 
0 
230 
41 
53 
0 
3425 
49 
110 
174 
0 
0 
104 
610 
0 
104 
0 
0 
1038 
1043 
920 
0 
1997 
700 
0 
0 
0 
421 
2247 
16 
0 
2347 
1101 
2617 
0 
0 
0 
357 
0 
135 
663 
270 
380 
62 
161 
1538 
349 
1338 
672 
1854 
2355 
529 
0 
2435 
17 
356 
0 
1 
571 
0 
0 
1196 
0 
140 
0 
275 
0 
931 
1849 
0 
1639 
2273 
1387 
938 
166 
3644 
2461 
987 
79 
0 
0 
280 
713 
0 
5 
794 
0 
1 
2 
143 
10 
0 
0 
2592 
2058 
16 
260 
862 
1672 
0 
2095 
1102 
132 
2913 
1454 
2262 
0 
663 
2222 
2654 
2407 
0 
