2262 
0 
85 
1427 
971 
2 
14 
372 
2016 
833 
820 
2380 
0 
253 
778 
0 
576 
576 
2011 
0 
48 
0 
7 
1241 
143 
930 
41 
0 
0 
1345 
1606 
0 
0 
1050 
109 
163 
1910 
2389 
492 
1006 
869 
423 
0 
0 
0 
2555 
1 
135 
0 
0 
2492 
0 
915 
687 
1766 
360 
0 
0 
0 
2479 
0 
863 
9 
1479 
0 
0 
915 
67 
2588 
876 
1912 
0 
31 
213 
394 
0 
226 
2047 
454 
285 
2615 
2615 
1151 
0 
1 
259 
1429 
135 
2362 
24 
312 
5 
1997 
0 
2530 
1060 
0 
2171 
1398 
0 
847 
0 
1615 
2266 
685 
482 
1749 
686 
1246 
519 
1340 
0 
1071 
126 
332 
1439 
2154 
1832 
1736 
0 
0 
0 
200 
0 
1325 
801 
0 
98 
0 
0 
242 
0 
49 
0 
74 
572 
2487 
1 
10 
0 
0 
281 
1160 
0 
98 
5 
818 
0 
1234 
0 
0 
1166 
0 
777 
2 
286 
1977 
0 
1827 
0 
1735 
0 
937 
0 
404 
952 
0 
2219 
2 
0 
1739 
0 
0 
0 
32 
0 
865 
0 
151 
796 
0 
0 
732 
0 
9 
403 
386 
0 
1496 
0 
135 
2193 
1056 
0 
0 
2016 
0 
829 
1217 
0 
0 
2836 
1567 
1949 
0 
2248 
0 
1274 
433 
1667 
0 
2842 
35 
3 
5 
0 
13 
1219 
371 
1409 
1348 
139 
7 
33 
0 
465 
8 
943 
683 
0 
0 
2347 
938 
0 
2838 
403 
2877 
18 
913 
1275 
686 
922 
141 
0 
46 
2009 
0 
921 
863 
2886 
26 
0 
1561 
0 
0 
2888 
441 
0 
910 
404 
229 
0 
1149 
0 
577 
0 
2122 
4 
190 
65 
913 
0 
2487 
0 
98 
2693 
315 
0 
1808 
4 
0 
181 
0 
7 
0 
0 
0 
0 
1221 
2755 
1064 
579 
768 
1869 
784 
1222 
335 
0 
139 
1539 
962 
1353 
1123 
0 
0 
0 
1302 
255 
2941 
46 
0 
1240 
347 
116 
644 
1209 
719 
1112 
0 
1059 
859 
1587 
0 
470 
903 
443 
2104 
2536 
0 
1233 
2962 
592 
1 
0 
2022 
233 
1474 
0 
712 
5 
655 
0 
992 
1120 
1121 
671 
0 
263 
0 
0 
2986 
0 
2020 
597 
0 
60 
1313 
1554 
0 
0 
2999 
0 
6 
736 
691 
872 
342 
0 
152 
759 
0 
145 
1494 
3024 
0 
1198 
898 
397 
0 
1640 
2255 
329 
0 
0 
141 
187 
0 
375 
26 
394 
3049 
0 
1652 
2036 
0 
1462 
1693 
968 
0 
890 
2546 
74 
89 
1419 
726 
1073 
0 
318 
1630 
2137 
3059 
51 
15 
1305 
2795 
587 
9 
2043 
172 
0 
764 
858 
221 
1634 
461 
0 
2017 
14 
657 
1161 
0 
0 
0 
167 
0 
1878 
2320 
0 
0 
0 
277 
1747 
1572 
685 
3104 
470 
845 
1486 
2312 
0 
1894 
0 
894 
0 
0 
0 
0 
2975 
1873 
116 
1764 
0 
2972 
0 
348 
0 
1334 
0 
1746 
90 
2101 
1 
977 
847 
0 
0 
0 
1453 
397 
771 
698 
0 
3009 
3143 
30 
758 
501 
0 
1090 
0 
0 
2533 
1 
1523 
0 
0 
376 
2153 
1854 
2169 
2283 
2063 
435 
0 
1968 
937 
587 
0 
187 
1028 
136 
1869 
171 
0 
1443 
32 
167 
0 
614 
2535 
422 
1608 
49 
543 
2120 
0 
401 
112 
32 
2815 
2675 
1464 
0 
9 
1098 
1115 
0 
1051 
0 
61 
1730 
0 
1535 
122 
99 
36 
801 
1606 
532 
0 
1178 
0 
1371 
20 
142 
641 
2971 
3246 
0 
90 
2366 
0 
223 
1426 
0 
1036 
16 
1 
0 
0 
657 
0 
344 
83 
606 
0 
54 
0 
0 
2388 
0 
0 
424 
1057 
0 
0 
563 
933 
1327 
0 
950 
3278 
0 
1682 
1298 
0 
241 
11 
2075 
740 
365 
2294 
2045 
0 
0 
217 
62 
44 
509 
0 
109 
903 
0 
0 
75 
0 
0 
2531 
0 
613 
702 
0 
160 
4 
345 
2556 
2018 
46 
5 
0 
664 
297 
1988 
3097 
2239 
0 
963 
0 
0 
2155 
135 
1278 
2873 
1591 
0 
1684 
0 
0 
0 
0 
0 
748 
33 
0 
1562 
494 
0 
161 
1875 
162 
883 
819 
0 
383 
7 
626 
0 
652 
168 
98 
2256 
68 
2355 
1633 
8 
1292 
2801 
0 
2260 
599 
56 
592 
559 
0 
0 
1397 
193 
2010 
218 
1311 
617 
1376 
889 
0 
3439 
296 
321 
486 
3418 
14 
1447 
3 
1103 
2 
1369 
0 
5 
0 
0 
55 
57 
1924 
778 
0 
0 
1987 
1084 
592 
1540 
237 
426 
2335 
59 
0 
0 
1 
304 
1853 
1818 
0 
0 
494 
0 
276 
0 
2198 
0 
898 
17 
2132 
1930 
659 
0 
0 
1 
0 
0 
820 
322 
1879 
1399 
1854 
1454 
0 
183 
1827 
340 
0 
1853 
445 
1118 
0 
0 
41 
0 
1442 
976 
46 
0 
958 
235 
2605 
425 
0 
1 
16 
0 
0 
0 
742 
2050 
7 
0 
1956 
0 
518 
0 
0 
0 
0 
2729 
2 
873 
0 
0 
758 
7 
3 
732 
636 
1147 
6 
1259 
0 
0 
0 
2510 
717 
2835 
792 
0 
2385 
29 
0 
0 
2068 
865 
0 
70 
4 
0 
1153 
3107 
0 
0 
9 
1265 
1454 
764 
1045 
1378 
21 
0 
3 
0 
1343 
39 
2148 
0 
0 
357 
777 
335 
0 
1149 
210 
59 
2274 
0 
1178 
267 
558 
3410 
1704 
0 
533 
2014 
12 
3236 
14 
2618 
1902 
225 
0 
2442 
1655 
0 
0 
0 
2746 
2 
3723 
806 
1320 
3373 
3018 
7 
3723 
0 
2768 
2390 
13 
0 
0 
489 
0 
394 
2140 
968 
560 
6 
1775 
3761 
10 
0 
0 
0 
1096 
2715 
2074 
668 
2162 
0 
1 
2439 
923 
0 
30 
0 
3516 
0 
0 
41 
126 
0 
0 
0 
93 
707 
715 
997 
0 
2542 
501 
168 
933 
7 
1459 
1280 
2090 
1165 
703 
144 
498 
14 
218 
0 
319 
0 
1660 
1986 
0 
468 
0 
1419 
178 
0 
2792 
2519 
144 
2049 
0 
730 
16 
2 
2073 
37 
149 
0 
86 
0 
2046 
44 
3 
530 
1308 
1591 
0 
1154 
1623 
14 
32 
53 
2799 
0 
5 
2302 
596 
1407 
0 
0 
618 
0 
2622 
2318 
1535 
3025 
0 
0 
1490 
3788 
22 
151 
143 
720 
60 
0 
1889 
0 
1759 
581 
3516 
1742 
423 
