1263 
2159 
0 
107 
4 
2257 
15 
1329 
172 
0 
929 
0 
1465 
260 
2106 
496 
685 
80 
347 
1492 
0 
2638 
409 
0 
177 
0 
0 
0 
5 
0 
2324 
0 
179 
0 
0 
0 
2122 
1322 
102 
412 
300 
3 
1272 
0 
6 
0 
1823 
0 
13 
1739 
1459 
13 
1207 
278 
0 
1261 
0 
684 
0 
284 
639 
69 
1700 
88 
243 
1529 
1970 
0 
98 
2178 
0 
978 
0 
1229 
1637 
1620 
660 
835 
0 
0 
214 
953 
203 
674 
1592 
2356 
0 
1699 
477 
553 
38 
0 
0 
0 
0 
39 
550 
0 
8 
208 
1135 
128 
55 
37 
441 
921 
0 
0 
104 
4 
1690 
0 
342 
1341 
393 
527 
971 
788 
0 
0 
0 
2086 
1425 
0 
205 
371 
1101 
314 
0 
1279 
1440 
986 
1832 
1493 
818 
60 
0 
460 
886 
11 
511 
15 
77 
0 
0 
1227 
0 
1431 
1953 
336 
261 
528 
1534 
2138 
554 
1568 
262 
0 
1598 
111 
1428 
0 
1557 
7 
118 
660 
185 
490 
16 
1261 
0 
22 
1567 
680 
8 
257 
1575 
583 
1834 
0 
0 
0 
909 
1009 
2665 
987 
1707 
1595 
638 
2739 
432 
2489 
600 
0 
0 
1450 
0 
0 
1201 
0 
0 
1150 
0 
0 
1882 
438 
293 
1190 
511 
2260 
630 
422 
12 
2525 
0 
540 
0 
3 
0 
1519 
2517 
2281 
139 
2092 
1496 
1372 
363 
0 
0 
1638 
1599 
792 
691 
643 
0 
452 
1343 
1134 
2 
0 
0 
508 
0 
45 
760 
1890 
0 
83 
1062 
11 
2563 
2223 
2074 
0 
999 
858 
1689 
116 
167 
0 
0 
183 
2111 
1683 
2018 
1681 
1683 
431 
0 
0 
844 
243 
0 
70 
868 
1275 
1163 
0 
804 
964 
2383 
51 
1196 
393 
3 
1377 
2701 
1155 
503 
2316 
4 
1728 
924 
2068 
0 
1255 
239 
0 
325 
231 
1507 
1215 
0 
2314 
0 
228 
936 
57 
345 
0 
40 
250 
274 
571 
2294 
3 
0 
485 
1245 
50 
2143 
22 
1177 
0 
0 
0 
1916 
0 
27 
892 
436 
0 
719 
15 
1472 
950 
93 
1801 
0 
1052 
0 
0 
0 
0 
0 
2726 
1172 
1073 
2228 
1265 
0 
1571 
137 
0 
1382 
331 
0 
0 
499 
0 
0 
153 
0 
0 
0 
386 
0 
379 
2535 
2578 
41 
758 
869 
41 
1534 
0 
1038 
0 
0 
1239 
356 
1391 
0 
14 
0 
0 
942 
1782 
1529 
1713 
0 
281 
491 
0 
834 
0 
0 
0 
986 
1898 
0 
34 
1082 
0 
15 
1307 
181 
0 
0 
644 
19 
1907 
0 
391 
832 
1666 
4 
0 
0 
915 
843 
1861 
1254 
233 
397 
0 
1686 
786 
0 
4 
1523 
0 
46 
405 
1212 
315 
1976 
0 
58 
560 
0 
0 
26 
1566 
2179 
0 
4 
2798 
0 
462 
166 
5 
0 
612 
1880 
0 
0 
84 
0 
3155 
0 
0 
5 
2051 
343 
131 
539 
0 
1566 
422 
1048 
1998 
187 
0 
3 
0 
2270 
653 
1024 
79 
0 
2565 
273 
504 
33 
168 
873 
12 
295 
1954 
0 
2084 
0 
1366 
471 
0 
871 
185 
0 
0 
2250 
17 
0 
279 
996 
2410 
0 
1868 
0 
0 
2142 
0 
396 
0 
0 
0 
1785 
0 
0 
48 
694 
296 
0 
32 
0 
996 
1449 
559 
0 
4 
0 
0 
2004 
1 
3331 
0 
0 
0 
1140 
476 
0 
381 
582 
80 
1600 
0 
0 
0 
0 
1268 
160 
432 
0 
204 
0 
0 
0 
0 
0 
1187 
58 
93 
86 
4 
0 
0 
0 
0 
1169 
1530 
765 
160 
29 
2261 
183 
1805 
87 
11 
463 
0 
0 
611 
1650 
38 
491 
3 
0 
1659 
0 
2832 
506 
412 
0 
0 
0 
1056 
1473 
0 
2362 
3 
17 
307 
0 
516 
0 
777 
7 
979 
865 
646 
846 
1946 
87 
920 
0 
302 
0 
0 
0 
0 
1514 
0 
0 
737 
41 
1582 
534 
1153 
1266 
0 
768 
2 
0 
0 
2052 
1329 
0 
1122 
33 
2628 
987 
0 
736 
16 
0 
1797 
1935 
4 
0 
1944 
6 
249 
445 
0 
1626 
15 
0 
510 
0 
88 
587 
0 
212 
3 
1387 
989 
12 
131 
371 
1454 
0 
276 
177 
100 
959 
1653 
491 
1288 
1708 
0 
0 
2971 
0 
0 
15 
485 
2108 
360 
0 
1433 
10 
567 
3179 
1240 
19 
2405 
0 
1772 
16 
2802 
1463 
1960 
769 
0 
2269 
3 
642 
1804 
2125 
689 
2378 
735 
2116 
826 
714 
268 
83 
1372 
0 
0 
0 
2290 
0 
10 
0 
0 
0 
460 
1459 
27 
1907 
0 
0 
142 
0 
481 
5 
536 
0 
701 
268 
3 
0 
1594 
1885 
20 
0 
0 
2332 
2253 
0 
2138 
717 
0 
581 
242 
3450 
2166 
302 
1299 
2341 
0 
0 
3288 
932 
646 
1965 
0 
0 
934 
124 
214 
2366 
0 
584 
1386 
864 
935 
0 
1622 
0 
0 
0 
2927 
410 
184 
10 
0 
1 
2437 
6 
27 
3 
0 
0 
0 
785 
1943 
2422 
164 
760 
2481 
0 
983 
100 
891 
0 
3755 
4 
799 
495 
0 
0 
541 
1153 
349 
108 
0 
2739 
9 
2798 
0 
2150 
76 
2324 
1342 
0 
0 
0 
2 
1329 
61 
0 
16 
0 
3093 
772 
326 
2435 
621 
1 
285 
710 
0 
8 
106 
0 
0 
0 
2448 
0 
418 
406 
15 
355 
0 
274 
911 
631 
0 
518 
0 
0 
0 
461 
2996 
7 
1356 
2441 
2083 
5 
543 
0 
0 
0 
11 
7 
72 
159 
16 
2130 
2481 
189 
8 
2284 
3566 
87 
603 
0 
787 
839 
666 
0 
188 
2348 
1341 
0 
66 
1887 
259 
574 
3717 
4 
0 
3161 
1 
2461 
295 
362 
2621 
665 
4 
1 
368 
0 
413 
0 
1094 
17 
1078 
0 
0 
134 
695 
0 
1176 
0 
0 
0 
326 
18 
2239 
0 
1755 
1641 
3615 
0 
312 
441 
622 
0 
1228 
13 
3707 
670 
1650 
0 
2256 
26 
1757 
0 
632 
0 
0 
0 
1138 
3 
2175 
3 
0 
47 
0 
0 
0 
0 
2303 
0 
712 
373 
0 
5 
74 
661 
227 
0 
2597 
1412 
2607 
1600 
309 
0 
0 
0 
0 
644 
2620 
0 
2572 
2096 
8 
2 
414 
407 
22 
672 
26 
471 
2 
144 
3 
15 
0 
1414 
0 
1297 
566 
979 
0 
1629 
0 
780 
0 
1712 
0 
0 
0 
0 
0 
1082 
46 
2202 
875 
0 
271 
1982 
0 
0 
2067 
935 
0 
900 
0 
144 
601 
2687 
2113 
2782 
1111 
539 
1022 
2553 
1743 
2700 
43 
988 
0 
33 
42 
134 
0 
651 
454 
0 
696 
0 
