0 
0 
0 
1099 
0 
463 
0 
1182 
25 
0 
784 
0 
663 
1483 
2171 
0 
1057 
0 
0 
1377 
0 
0 
0 
218 
0 
0 
70 
906 
1524 
141 
89 
992 
0 
1667 
0 
308 
0 
77 
6 
0 
148 
0 
1364 
121 
513 
162 
0 
1440 
1 
1588 
290 
0 
380 
0 
1517 
8 
1125 
0 
1362 
592 
74 
0 
83 
443 
857 
0 
0 
0 
10 
307 
1182 
6 
2352 
15 
953 
31 
966 
2 
536 
2104 
872 
347 
0 
1846 
185 
146 
1096 
0 
368 
295 
0 
157 
981 
0 
0 
251 
899 
2 
1056 
0 
261 
0 
194 
2045 
36 
977 
0 
748 
1242 
0 
540 
1181 
534 
0 
1165 
0 
774 
0 
998 
903 
220 
1944 
2318 
0 
1492 
1472 
519 
0 
0 
1988 
2371 
0 
314 
36 
0 
0 
0 
343 
8 
0 
53 
0 
0 
78 
407 
1501 
144 
2054 
0 
0 
1164 
0 
108 
1668 
131 
1357 
1009 
12 
1534 
405 
147 
2409 
464 
1369 
0 
0 
1648 
1045 
263 
195 
313 
0 
1109 
4 
280 
1134 
0 
2441 
1086 
0 
1104 
6 
1137 
1899 
990 
1 
0 
0 
541 
1881 
0 
62 
2222 
0 
0 
1170 
1068 
113 
2109 
2114 
216 
0 
107 
2310 
1897 
1305 
288 
0 
0 
0 
194 
248 
2518 
1262 
33 
0 
561 
0 
1903 
0 
51 
1661 
566 
0 
2288 
0 
583 
1742 
0 
1607 
0 
369 
0 
0 
482 
360 
1893 
1817 
2563 
0 
283 
2566 
0 
0 
1575 
874 
1787 
4 
434 
633 
249 
672 
1 
0 
0 
2606 
588 
504 
10 
625 
0 
1428 
243 
276 
1583 
0 
1640 
438 
386 
1764 
1081 
0 
217 
640 
1585 
1033 
0 
313 
17 
425 
0 
2635 
0 
0 
398 
0 
0 
1322 
548 
0 
1573 
1067 
138 
0 
1428 
1514 
1756 
0 
0 
6 
0 
1438 
211 
21 
1583 
0 
1164 
11 
1470 
114 
573 
463 
243 
67 
0 
0 
2117 
2279 
186 
1261 
0 
137 
12 
68 
0 
317 
236 
1096 
1516 
264 
2274 
0 
1490 
1885 
1538 
1483 
0 
1141 
0 
0 
556 
1371 
15 
2103 
1390 
299 
612 
0 
1751 
0 
1698 
71 
2471 
303 
1441 
859 
0 
1542 
371 
2126 
1155 
192 
0 
369 
466 
2078 
1520 
165 
0 
0 
769 
272 
869 
1328 
296 
2 
679 
11 
1787 
0 
259 
0 
398 
1993 
517 
242 
64 
0 
98 
1645 
368 
0 
1201 
0 
3 
852 
184 
0 
640 
34 
0 
2769 
613 
319 
197 
307 
0 
691 
0 
2799 
1901 
28 
0 
891 
342 
1 
1127 
1172 
1332 
1940 
0 
1585 
0 
36 
1180 
69 
519 
1540 
523 
164 
0 
2690 
39 
716 
561 
767 
1240 
2202 
2 
54 
9 
0 
0 
120 
400 
460 
963 
0 
1427 
593 
2392 
2825 
904 
1125 
2374 
32 
134 
1009 
94 
0 
571 
113 
1410 
1447 
1924 
0 
1750 
2128 
0 
1874 
0 
2885 
715 
0 
0 
0 
0 
0 
1874 
0 
157 
0 
2151 
0 
1511 
514 
0 
0 
1000 
0 
0 
61 
1545 
557 
2904 
0 
336 
1108 
283 
892 
616 
0 
508 
238 
354 
51 
213 
1816 
652 
714 
2947 
152 
873 
2361 
1594 
2492 
2656 
2650 
148 
828 
0 
35 
0 
188 
0 
0 
161 
1133 
0 
610 
0 
1057 
0 
2473 
51 
0 
227 
1765 
2366 
5 
1158 
2301 
0 
1673 
0 
48 
1849 
563 
1171 
1533 
188 
2850 
0 
2239 
0 
0 
1887 
2969 
4 
0 
2049 
3 
0 
0 
1830 
1524 
1128 
513 
1794 
383 
0 
0 
0 
0 
1055 
0 
665 
0 
0 
443 
0 
0 
907 
1627 
849 
0 
0 
209 
0 
232 
0 
1 
2197 
2094 
0 
0 
0 
1 
119 
1521 
680 
0 
625 
0 
1 
1252 
4 
0 
478 
0 
0 
539 
684 
2754 
1911 
995 
508 
2113 
1228 
4 
556 
581 
576 
0 
2120 
1471 
0 
3 
2404 
2077 
5 
298 
2579 
1974 
23 
2210 
2944 
406 
482 
0 
182 
3036 
1749 
9 
3036 
1876 
1219 
3059 
0 
93 
0 
1973 
0 
37 
852 
1210 
2620 
0 
0 
0 
0 
603 
351 
2128 
0 
0 
0 
0 
925 
2076 
899 
23 
0 
0 
1943 
94 
79 
0 
1438 
471 
723 
469 
698 
173 
0 
382 
0 
2067 
1477 
2675 
1896 
553 
0 
0 
0 
2811 
365 
3092 
287 
0 
0 
525 
87 
0 
3179 
183 
0 
333 
1324 
1138 
0 
1512 
935 
1140 
2 
3201 
1199 
3215 
0 
0 
25 
1927 
1960 
171 
1366 
390 
40 
1 
1297 
1831 
44 
3066 
2252 
1977 
1460 
64 
741 
80 
1124 
0 
3 
0 
38 
319 
2463 
27 
0 
473 
135 
2831 
52 
0 
37 
1122 
0 
4 
1253 
0 
0 
0 
332 
40 
1197 
1647 
484 
0 
812 
0 
0 
1181 
1182 
1736 
0 
0 
85 
1949 
158 
2873 
1353 
0 
116 
0 
0 
345 
2167 
0 
345 
2 
0 
9 
0 
0 
168 
870 
794 
2536 
66 
221 
20 
3350 
1346 
2 
2240 
0 
2329 
0 
1731 
1634 
0 
870 
1407 
3360 
0 
21 
851 
307 
12 
0 
654 
0 
1083 
0 
1764 
109 
0 
3182 
0 
667 
1624 
97 
810 
0 
114 
0 
1836 
2499 
4 
0 
295 
1593 
726 
0 
1419 
0 
937 
674 
263 
21 
123 
247 
0 
13 
0 
1032 
718 
486 
192 
2768 
2349 
0 
216 
0 
31 
3 
0 
0 
565 
35 
0 
0 
0 
1500 
3086 
0 
1426 
6 
1715 
28 
3 
0 
0 
0 
3107 
2408 
813 
0 
776 
195 
2433 
0 
1789 
10 
4 
437 
1806 
0 
1616 
2538 
5 
0 
2029 
484 
52 
28 
60 
0 
0 
0 
0 
3 
589 
22 
1159 
567 
26 
577 
34 
703 
5 
2467 
0 
130 
1931 
1 
0 
940 
116 
3515 
2135 
684 
1685 
222 
1131 
2428 
0 
2504 
1803 
96 
0 
1324 
0 
1340 
2864 
274 
2081 
1599 
1155 
6 
21 
1070 
0 
112 
0 
370 
1039 
1336 
3 
495 
823 
2685 
420 
646 
0 
1637 
0 
0 
240 
13 
4 
1177 
6 
0 
572 
0 
1485 
1458 
981 
0 
0 
15 
0 
2829 
0 
2744 
1230 
2505 
62 
0 
0 
291 
0 
1372 
1632 
1552 
0 
1659 
1 
635 
1400 
3040 
119 
2048 
1148 
0 
121 
0 
1420 
2938 
2878 
0 
2974 
1231 
2644 
2233 
3588 
1566 
0 
0 
0 
218 
3 
708 
2500 
