5 1
-12 54 34
1 0 0 0 1 0
1.261316 1.171595 1.098320 3.211997 94.384768 26.707664
1.177553 17.868945 1.236270 3.144456 1.333579 1
73 -68 -4
1 0 0 0 0 1
1.158701 0.979780 1.358782 3.539945 64.302174 25.163720
1.183495 9.260760 1.704740 3.335826 1.068545 1
10 50 -25
0 -1 0 0 0 -1
1.263688 1.491030 1.118772 3.817388 44.927243 12.349315
1.079402 11.253562 1.462029 4.455811 0.891765 1
-26 -66 57
1 0 0 0 0 -1
0.797479 1.121246 0.930260 3.636067 9.610823 98.038875
0.893734 17.402091 1.574671 1.374259 1.306669 1
-24 -45 6
0 0 1 0 1 0
1.434350 1.181691 1.187103 3.190497 85.929996 66.621753
0.911482 3.897407 1.586636 4.428068 1.299481 1
11 -66 -100
0 -1 0 0 0 -1
1.317875 1.285355 1.263192 3.685493 23.839309 15.606539
1.419927 5.963203 1.582635 9.828336 1.532250 1
20 17 -82
-1 0 0 0 0 -1
1.113507 1.387031 1.451766 3.721932 46.860192 3.351446
1.113975 14.191683 1.746452 2.832472 1.411745 1
23 74 54
0 0 -1 0 1 0
1.060963 1.304157 0.846527 3.954508 89.938279 78.000284
1.296392 10.935631 1.513237 4.384845 0.800912 1
-63 17 -12
0 0 1 -1 0 0
0.888331 1.305796 1.183905 3.108285 60.303911 75.628277
1.536675 18.667232 1.757621 6.612070 1.246923 1
39 -23 49
-1 0 0 0 1 0
1.148519 1.063196 0.855424 3.632327 62.654974 47.683845
1.479724 5.777987 1.686633 1.885283 0.980328 1
