2 10
82 -51 25
0 0 -1 0 1 0
1.531985 1.152052 1.269572 3.653717 44.197318 1.052086
1.052729 17.459477 1.988473 8.826840 1.436003 1

93 28 -61
0 0 1 -1 0 0
1.015258 1.167962 1.325568 3.150425 55.578586 27.616468
0.807025 11.452277 1.798895 2.977244 1.269897 1

84 -50 21
0 0 1 0 1 0
1.159060 1.133086 1.406078 3.658376 75.760291 30.186148
0.789916 10.685112 1.847471 1.211498 0.875564 1

-96 61 46
0 -1 0 0 0 -1
1.424514 1.413740 1.536437 3.419739 55.915914 84.628029
1.172770 10.383072 1.130414 5.158653 1.352742 1

