100 100
-74 -51 -30
1 0 0 0 0 1
0.979554 1.418048 1.278437 3.602050 76.017579 99.733347
1.499632 6.198051 1.070161 7.864467 0.883782 38

82 -62 61
0 -1 0 -1 0 0
1.548912 0.960004 0.844064 4.488404 92.999562 68.384079
1.188131 6.272372 1.998592 4.270967 0.839518 97

-1 -86 -47
0 1 0 0 0 1
1.491190 0.983334 1.322728 4.837460 82.811635 73.938742
1.551553 7.785571 1.270919 6.910402 0.800862 100

-74 -29 -36
0 -1 0 -1 0 0
1.069690 1.311723 0.978106 4.644154 56.570949 25.968594
0.823084 3.172911 1.494990 5.062605 1.456324 73

-42 22 6
1 0 0 0 0 1
1.064345 1.251557 1.498068 3.502668 21.586195 63.611403
1.383158 5.191425 1.625040 9.217328 1.558644 64

62 -9 26
0 -1 0 0 0 1
0.898678 1.099570 1.327022 4.128465 25.078991 62.105036
1.244691 8.551555 1.456216 8.264543 1.298228 5

-15 -83 42
1 0 0 0 -1 0
1.276627 1.334773 1.477224 4.136306 61.619609 99.692829
0.832145 8.240733 1.777157 1.729744 1.078312 62

-3 84 96
-1 0 0 0 0 1
1.487844 0.902500 1.376018 3.131686 51.552609 74.259685
1.308670 8.422451 1.638711 7.979745 1.248007 88

33 3 -5
0 0 -1 -1 0 0
0.976794 0.790748 0.912865 3.619805 79.132273 44.860323
1.052238 3.747348 1.566334 8.956494 0.804860 100

22 -43 75
0 -1 0 -1 0 0
1.193870 1.506116 1.255774 4.903117 6.618057 39.986882
1.405226 7.946224 1.883083 6.366556 0.796332 2

63 -96 -93
1 0 0 0 0 -1
1.028940 1.561744 0.787975 4.077654 54.131550 51.421278
1.224644 4.826783 1.786377 9.950713 0.948186 2

38 -65 -39
-1 0 0 0 0 -1
0.965440 1.467170 0.893067 4.973953 24.548469 34.773118
1.422584 7.105869 1.745898 7.773165 0.858380 80

60 -54 63
0 0 1 1 0 0
0.884562 1.416416 1.346595 3.440243 73.302437 18.878690
1.269794 8.617755 1.987884 2.634522 1.124427 58

93 7 -18
-1 0 0 0 0 -1
1.025901 1.240651 0.896790 3.753162 30.013382 89.894263
0.997703 9.357036 1.839027 8.840022 1.460192 61

89 -77 29
1 0 0 0 0 -1
0.932956 1.190064 0.901748 4.853699 35.375792 70.654653
1.198898 9.059844 1.354062 8.328387 1.403346 96

-71 -44 62
-1 0 0 0 1 0
0.924167 0.915075 1.456058 3.127892 72.846575 3.018326
1.226981 9.379952 1.155680 9.952771 1.277578 11

-36 -33 83
-1 0 0 0 -1 0
0.997359 1.253550 1.497505 4.547007 43.841297 93.969438
1.530485 7.308520 1.329590 2.071987 1.566539 70

70 64 34
0 1 0 -1 0 0
1.084789 1.105897 1.124435 4.763172 38.804191 76.890406
0.846880 4.963840 1.657371 5.464740 1.485128 98

-68 60 -47
1 0 0 0 -1 0
0.989657 1.392521 1.205554 4.121501 47.035591 44.837675
1.276662 5.716664 1.623464 3.519104 1.203388 62

-26 99 71
0 1 0 0 0 1
1.359813 1.543719 0.927602 3.771070 90.245957 45.710549
1.114294 3.236086 1.916432 1.748115 1.551307 5

12 45 41
0 -1 0 -1 0 0
0.932297 1.505082 1.358687 4.501321 59.395927 14.065126
0.949965 4.279737 1.075428 1.642025 0.819768 84

44 93 69
0 0 -1 0 1 0
0.949085 1.253269 1.096075 3.330989 23.886471 57.291432
1.146340 4.864569 1.046407 3.962207 1.164000 5

91 43 -14
0 1 0 0 0 -1
0.900710 1.460093 1.092803 3.772207 2.835906 54.352352
0.849560 4.477088 1.891254 5.535396 1.060127 55

86 -55 -58
1 0 0 0 -1 0
1.375517 0.896392 1.410331 4.867450 76.364002 44.724877
1.027474 9.626165 1.779775 4.958387 0.947199 38

-57 64 -40
0 0 -1 1 0 0
1.133269 1.249540 1.054736 4.822288 49.365585 6.003903
1.241767 4.245639 1.421836 5.712271 1.314828 75

60 21 85
1 0 0 0 0 -1
1.356860 0.908328 1.294495 4.386621 26.194266 23.567916
1.423845 7.057444 1.983756 2.192684 1.143756 78

-4 -9 -87
0 -1 0 -1 0 0
0.980262 1.004345 1.279974 4.838541 55.874104 54.493347
1.172025 8.893219 1.116312 4.610327 0.792476 10

-29 -67 -28
0 0 -1 0 1 0
0.840873 1.180333 1.330049 3.585492 23.313244 21.227964
1.167452 9.081445 1.908841 8.978615 1.378137 97

78 -9 -37
0 0 1 -1 0 0
1.418297 1.529666 1.373141 4.266010 52.872976 37.719890
1.283373 5.499620 1.192822 7.126682 1.322985 85

46 47 -21
1 0 0 0 1 0
1.174625 1.016180 1.245146 4.350355 41.327571 58.410218
1.397540 4.799722 1.071709 1.403261 0.907794 95

98 46 -8
0 0 -1 0 -1 0
1.543916 1.352849 0.832014 4.877290 83.923110 16.435443
0.993934 4.440361 1.842319 8.552861 1.206443 99

-71 -65 -69
0 -1 0 0 0 -1
1.055129 1.085210 0.922066 3.816820 53.464512 67.859999
1.359261 4.599290 1.792098 8.597904 1.352498 20

97 -66 73
0 1 0 0 0 -1
1.301341 1.182822 0.792462 3.130498 97.627182 93.048159
1.532969 6.189441 1.536080 1.559479 1.168400 89

97 -79 72
0 0 1 1 0 0
0.790509 0.817470 0.929567 4.879073 2.735774 55.794016
1.481376 6.446438 1.829644 6.019882 1.135555 12

-26 50 44
0 0 -1 -1 0 0
1.428709 1.004804 1.476246 3.020373 73.983990 61.450733
1.223483 5.381921 1.225385 7.438629 1.142546 27

-9 23 -94
-1 0 0 0 1 0
0.841646 1.456060 0.786948 4.610113 36.557062 33.993459
1.257499 8.213815 1.348045 6.153752 1.107427 32

-42 97 -11
1 0 0 0 1 0
1.296938 0.967554 0.930196 4.889152 18.001615 94.270884
0.850303 4.787821 1.464683 1.339629 0.786770 51

38 -40 -55
0 1 0 0 0 -1
1.220201 1.482364 1.307451 3.961650 52.901847 64.484625
0.962529 5.105591 1.878946 2.976295 1.136969 92

22 84 97
0 0 1 1 0 0
0.870678 1.225594 1.298525 4.646435 2.951348 73.192877
0.979345 7.468983 1.734057 9.960375 0.960083 44

84 -76 -36
-1 0 0 0 1 0
1.387480 0.885113 1.383010 3.026465 35.251547 70.920977
1.210468 5.873525 1.239799 5.408871 1.490385 28

-89 -28 -91
0 -1 0 -1 0 0
1.500418 1.143872 0.817036 4.299800 32.599981 30.666628
1.040861 4.821188 1.090575 2.342061 1.211449 27

-16 -60 -82
-1 0 0 0 0 -1
1.485165 1.040043 1.181543 3.455732 99.384808 95.008893
1.343095 9.179977 1.072371 5.800977 0.924327 29

10 -39 -57
0 0 1 -1 0 0
0.852798 0.878668 1.356362 3.628077 49.511308 40.072019
1.168206 4.962789 1.177217 1.461515 0.878423 34

26 21 54
0 0 1 0 -1 0
0.969291 1.549744 1.007199 4.747558 42.971796 15.408721
1.324466 8.984680 1.952211 2.288872 1.197327 85

37 81 -76
1 0 0 0 1 0
1.241813 1.290788 1.240880 3.500765 44.489987 91.302462
0.813664 5.465160 1.814688 9.369056 1.235431 93

68 -81 -59
1 0 0 0 0 -1
1.206585 1.500060 1.180754 3.523158 26.977848 76.993961
0.967983 7.083786 1.649360 1.539318 1.396281 38

-100 93 -2
0 0 1 0 1 0
0.799362 1.062008 1.554963 4.994544 79.307733 57.043596
1.220719 3.052815 1.261876 6.177691 1.172307 61

34 37 -80
0 1 0 0 0 1
0.813441 0.962154 0.810404 3.332241 89.020686 9.555650
1.304451 7.402140 1.808611 2.735380 1.116202 55

-56 76 21
-1 0 0 0 0 1
1.361876 0.948649 1.064137 4.217456 75.274758 60.297399
1.339356 3.203145 1.457020 8.955253 1.495270 30

2 71 -38
1 0 0 0 0 -1
1.043549 1.428820 0.954262 4.354864 61.844424 27.982251
1.422030 3.854619 1.453341 1.112135 1.319017 39

0 -24 17
0 -1 0 1 0 0
1.447739 0.888858 1.419605 4.470250 23.595570 47.147011
1.186806 9.217166 1.352665 4.958645 1.298902 73

77 -53 29
0 -1 0 -1 0 0
1.317870 1.101134 0.849834 3.173332 30.555349 38.170034
1.564005 7.399236 1.386516 9.275962 1.346762 66

-2 -32 16
0 -1 0 0 0 1
1.343058 1.317066 1.347073 4.724601 32.549534 58.616242
1.514906 3.439886 1.552340 5.047573 1.549063 35

4 -11 -22
-1 0 0 0 0 1
1.132356 0.966291 1.511897 3.097113 1.198307 7.180837
1.156114 6.931246 1.254694 1.402420 1.480256 92

-26 -98 83
1 0 0 0 -1 0
1.501478 0.932515 1.203379 3.942596 57.866629 69.009326
1.330506 5.736086 1.937645 6.227243 1.000454 80

-39 -65 -18
0 0 1 1 0 0
1.475548 0.983267 1.160003 4.926985 52.591519 37.733673
1.416900 8.538715 1.099559 6.296750 1.344016 18

-30 -18 -28
1 0 0 0 -1 0
1.292919 1.439478 1.559286 4.196131 28.565291 44.170802
1.540710 6.919945 1.301485 1.339691 1.533072 70

-15 -62 -87
-1 0 0 0 0 1
1.058240 0.908853 1.530488 3.208580 49.926987 64.098357
0.904183 3.157938 1.433811 1.794590 1.414756 3

30 -64 2
1 0 0 0 1 0
0.863003 1.158142 0.895508 4.628955 51.248592 76.761604
1.377306 7.410839 1.656950 4.182357 1.116398 58

32 6 94
-1 0 0 0 -1 0
1.495026 1.552668 1.547136 3.577796 65.287075 79.681502
1.136557 7.176076 1.338786 8.667556 0.812218 94

-82 59 -55
-1 0 0 0 0 1
1.244478 1.039921 1.442818 3.695835 1.498613 82.490513
1.523715 7.059059 1.413700 2.508702 1.223407 42

-28 -91 -59
0 0 1 1 0 0
0.852914 1.326297 0.873847 4.023998 49.543249 50.276386
1.300435 6.950519 1.143815 1.256370 1.119385 11

-68 -2 79
0 -1 0 -1 0 0
1.539014 1.482167 0.830999 3.731158 68.704623 3.007956
1.049388 9.402845 1.679430 7.088092 1.480683 70

22 36 -55
0 1 0 0 0 -1
1.212530 0.917761 1.453467 3.502280 62.197738 50.662012
0.888039 3.725468 1.505148 6.030716 1.084594 92

-56 -39 99
0 -1 0 -1 0 0
0.857641 1.068231 1.102708 4.206987 44.660971 25.807597
0.804570 7.912924 1.109934 9.224394 0.927830 46

1 -77 -58
0 0 -1 0 1 0
1.474308 1.470282 1.551253 3.816710 43.664781 58.047254
1.009233 4.330875 1.493240 1.449479 1.422571 79

-18 -45 80
-1 0 0 0 -1 0
0.945484 1.366336 1.418217 4.789951 41.043324 41.922370
1.031940 7.608673 1.611423 6.969211 1.044752 89

-77 6 -20
0 -1 0 -1 0 0
1.499503 1.499441 1.435071 4.708602 28.918583 3.132650
1.458997 9.351053 1.451188 6.585281 1.199038 11

85 42 17
-1 0 0 0 1 0
0.839355 0.918013 1.275721 3.893370 88.627259 95.522669
1.410394 7.380190 1.256516 8.291780 1.536304 59

-74 -1 75
0 -1 0 0 0 -1
1.078762 1.469627 0.813158 3.035246 7.055518 67.518959
1.034775 6.058392 1.179032 1.795179 1.208245 42

-77 -38 18
0 0 1 0 1 0
1.249998 1.388307 1.337075 4.357857 17.185808 29.722277
0.837323 7.985943 1.395191 7.435489 0.813620 22

-73 49 -3
0 -1 0 1 0 0
1.253031 1.099364 1.316639 4.000235 92.674997 54.721939
1.371395 4.842058 1.869797 4.190296 1.246853 25

-28 -6 85
0 0 1 0 1 0
1.026146 1.053722 1.422709 4.101967 20.382143 11.716095
0.938066 4.280912 1.186809 4.667295 0.864650 32

68 -52 100
0 0 -1 1 0 0
0.818813 1.208139 1.175846 3.342140 81.677033 58.213515
1.147984 6.658231 1.887720 1.450222 1.337148 54

21 -35 49
-1 0 0 0 -1 0
1.027483 0.919169 0.868054 3.726145 76.094592 37.399286
0.995381 8.470771 1.241863 8.843818 1.431227 49

-72 15 44
1 0 0 0 0 1
0.855487 0.932530 0.861517 4.972477 11.271888 32.110885
0.942608 9.580014 1.648133 4.786596 1.115170 1

45 -60 83
0 0 1 -1 0 0
1.401206 0.961620 1.430559 3.237954 94.619122 54.204577
0.979462 4.982701 1.048247 8.416353 1.521922 23

-93 95 -68
0 0 -1 -1 0 0
0.803073 1.345397 1.086189 4.605571 18.362415 18.347481
0.946760 4.364169 1.228036 8.058871 1.116186 94

94 26 35
0 0 -1 -1 0 0
1.211437 1.018189 0.977708 3.799618 20.996561 99.313340
1.569464 3.427940 1.799924 3.396449 1.068296 58

-68 -23 -62
0 -1 0 -1 0 0
1.464254 1.065711 1.295316 3.146542 19.336601 29.395088
0.876771 6.299683 1.793025 4.672992 1.171769 69

26 -30 77
0 1 0 1 0 0
1.496396 1.270975 1.092133 4.823100 73.244368 55.254456
1.503656 5.553657 1.305860 2.232086 1.115905 72

-50 -76 -67
0 1 0 1 0 0
1.076456 1.412931 1.109560 4.469113 25.791231 70.372261
1.011232 3.358615 1.205433 9.768392 1.488546 15

81 10 1
0 -1 0 0 0 1
1.062461 1.020103 0.815438 3.949161 6.430064 82.883407
0.936946 6.079822 1.308006 6.846524 1.014201 77

-53 -78 -26
-1 0 0 0 -1 0
1.195377 1.127830 1.480803 4.674325 91.222348 97.168391
1.384807 3.143342 1.876805 9.489820 1.026691 33

99 63 27
1 0 0 0 -1 0
1.476795 0.826847 1.245071 4.424104 12.229817 73.971223
0.893278 4.638816 1.559430 2.693342 1.413760 57

-23 -50 73
-1 0 0 0 1 0
0.981804 1.563683 1.090803 3.313841 97.965808 99.667817
1.277162 6.690700 1.932664 3.005400 1.104194 43

60 -58 -3
0 0 1 -1 0 0
1.362244 1.153640 0.919262 3.899557 35.706100 42.096372
1.527922 9.128453 1.463767 4.473923 1.403316 56

-20 100 93
0 1 0 -1 0 0
1.318182 0.890084 1.156898 3.322122 16.061060 44.522588
0.947955 5.151861 1.132766 5.044098 0.832062 70

53 -13 -4
0 0 -1 -1 0 0
1.338270 1.479158 0.893695 3.693477 82.592454 48.320925
1.563858 6.958736 1.035475 5.453640 1.370695 66

17 8 60
0 -1 0 -1 0 0
1.409852 1.299306 1.085639 3.744674 75.991688 28.267482
1.197740 5.040184 1.201110 1.739775 1.270467 13

-45 98 5
1 0 0 0 1 0
1.196905 1.542746 1.390919 3.318860 7.286580 41.918478
1.529967 3.134379 1.635494 8.965966 1.269492 16

-71 -99 -13
0 -1 0 0 0 -1
1.165811 0.967054 1.332029 4.135154 38.993546 62.657924
0.863664 7.103902 1.324648 3.488519 1.313742 23

27 67 26
0 0 1 0 1 0
1.101558 1.535101 0.870693 3.245341 16.103842 49.112813
1.275813 5.768686 1.858461 4.592176 0.850697 24

11 88 76
0 0 1 0 -1 0
0.834436 1.566834 1.161712 3.677694 44.022650 49.252862
0.957350 9.254619 1.107707 5.341720 0.990753 30

-46 -6 -70
1 0 0 0 -1 0
1.253959 0.931922 0.989881 4.926543 85.286074 72.504341
1.464437 3.724536 1.943341 9.922090 1.512538 87

69 73 -53
0 1 0 0 0 -1
0.829162 0.801674 1.206337 3.864568 57.627373 74.098194
1.125678 7.632289 1.967232 7.913799 0.997210 13

-84 -12 -89
0 1 0 0 0 -1
0.791919 0.876045 1.334111 3.694302 37.667588 68.184275
1.474936 7.508775 1.619721 1.104807 0.961168 26

19 -21 73
0 -1 0 -1 0 0
1.389613 1.159235 0.908090 4.331327 2.278096 84.210546
1.192881 7.189418 1.589577 9.617649 0.859468 7

6 -16 -79
1 0 0 0 -1 0
1.413994 1.358102 1.163430 4.521226 95.784288 65.641551
0.924516 7.371188 1.005400 1.296487 1.510339 43

60 92 -88
0 0 -1 1 0 0
1.101548 1.059833 0.926534 3.172954 3.568237 68.977790
1.331584 6.630348 1.850562 9.034341 1.499579 41

32 -12 -56
0 0 -1 0 -1 0
0.980027 1.566303 1.481962 3.066748 99.262493 68.979744
1.215267 3.541321 1.682818 9.170019 1.034958 60

-59 -35 62
1 0 0 0 -1 0
1.107089 1.100468 1.441776 3.123634 60.923311 21.321735
1.307974 6.600255 1.847221 4.729037 1.072757 47

-46 -90 -99
0 0 1 0 1 0
1.523874 1.440833 1.403065 4.525163 38.117229 75.921674
0.854157 6.734344 1.709558 6.759474 1.499978 72

61 -9 -80
1 0 0 0 1 0
1.424004 1.032343 1.111336 4.279996 12.141500 11.848390
1.534633 7.542508 1.487877 8.350521 1.108977 94

-44 86 -6
0 0 -1 1 0 0
1.351703 1.162433 1.468882 3.259611 13.484522 62.982255
1.566214 4.718877 1.014878 6.375061 0.880614 71

-46 93 -82
0 0 1 0 1 0
0.949559 1.245947 1.032570 4.243487 97.495794 47.687132
1.332868 4.445324 1.816404 9.282813 0.939671 80

45 84 -87
1 0 0 0 -1 0
0.985517 1.283691 0.912124 4.672803 50.016120 81.567584
1.269576 5.777843 1.003273 7.976579 1.077439 41

-84 -71 -11
1 0 0 0 0 -1
1.200514 1.358697 1.492232 4.253505 71.091835 39.080982
1.025300 5.634192 1.400820 1.851284 1.339094 25

79 -56 10
0 0 -1 0 -1 0
1.179710 1.111872 1.524580 3.760955 5.463342 27.620462
1.214668 4.480703 1.367719 6.587599 1.502435 73

81 -96 -90
-1 0 0 0 1 0
1.346823 1.018835 0.907214 3.773037 92.861798 27.429129
0.991373 9.462334 1.046213 9.888737 1.179785 21

23 -65 78
-1 0 0 0 0 1
1.510430 1.063687 1.425014 3.698614 57.039115 8.650702
1.002193 3.450306 1.796801 6.859003 1.043043 40

25 66 -4
0 1 0 0 0 1
1.014462 1.506834 1.554404 4.395983 57.017874 5.350046
1.523886 6.710009 1.060214 8.600702 1.548724 49

57 -64 -39
1 0 0 0 1 0
1.384126 0.895670 1.527551 3.197516 45.275686 67.321917
1.546027 4.408560 1.053434 5.344547 1.348295 82

-42 -36 -100
0 1 0 0 0 1
1.196579 1.002630 0.870734 3.551057 25.674924 83.382612
0.992018 6.801654 1.526322 5.850718 1.312978 27

-39 45 -33
0 1 0 0 0 -1
1.304221 1.477921 1.219331 4.551479 46.613113 68.490229
1.464604 6.433755 1.458703 1.166599 0.868367 21

-45 50 11
-1 0 0 0 -1 0
1.393232 1.140317 1.521243 4.494262 58.868198 34.299961
0.896635 6.376997 1.109985 6.583029 1.229972 48

62 -28 82
-1 0 0 0 0 1
1.504441 1.454005 1.283126 4.583875 71.018850 27.689258
0.960234 4.649131 1.536618 5.872187 1.178330 24

-84 -41 95
0 0 1 1 0 0
1.401931 0.848343 1.072712 4.901045 25.931131 69.211881
0.895444 7.575201 1.176671 6.503902 1.147285 89

-43 100 47
0 -1 0 0 0 1
0.946365 1.315969 0.890962 4.846488 30.984629 3.745940
1.376934 3.730120 1.129063 6.662959 1.529770 30

2 -42 -16
0 0 1 0 1 0
1.177206 1.033038 0.845719 4.371853 54.006287 75.022428
0.892787 7.935184 1.656611 3.556421 0.914025 57

-78 -13 -97
0 -1 0 -1 0 0
1.293627 0.786049 1.347135 4.727945 99.867223 62.446656
0.997678 3.941485 1.296167 4.765503 1.499912 16

33 26 -73
-1 0 0 0 1 0
1.015052 1.392108 1.380281 4.876228 82.029902 99.282797
1.336741 6.043819 1.905267 3.473363 1.113114 49

65 99 -24
-1 0 0 0 0 1
1.193626 1.224325 1.322197 3.951770 67.699867 63.189633
0.835049 6.585883 1.890487 6.309116 0.821175 20

5 58 -75
0 1 0 0 0 1
0.995714 1.466981 0.983331 4.803797 27.702279 77.028890
1.047069 6.445979 1.357100 6.052042 0.970332 74

-19 -1 -87
0 -1 0 0 0 1
1.199882 1.410127 1.462958 3.411790 42.003377 47.900567
0.906972 4.521014 1.231395 4.233670 1.269850 22

-36 60 -19
-1 0 0 0 0 -1
1.137284 0.806008 0.886959 4.998828 55.836748 73.402529
1.485979 5.288755 1.673199 1.370944 0.797881 71

37 28 -94
0 0 1 1 0 0
0.803943 0.919191 0.988005 3.717468 45.511982 1.303988
0.984000 7.817469 1.118969 1.110728 1.164490 29

-69 -71 40
0 0 1 0 1 0
1.240770 1.289351 1.253840 3.136091 63.666719 35.357173
1.100255 8.620495 1.780629 2.479092 0.899672 51

78 27 8
0 1 0 1 0 0
1.144238 1.392618 1.189694 4.948073 16.885623 12.758909
1.277847 6.578349 1.572041 2.447415 1.512132 7

-24 21 37
-1 0 0 0 1 0
1.164474 0.998997 1.543650 3.837105 89.044524 32.936662
1.351604 8.982294 1.792113 7.080581 1.402762 57

90 -84 44
0 0 1 1 0 0
1.185126 1.153222 0.835480 3.087107 29.212290 83.642302
0.957199 9.879703 1.569316 7.202827 1.480832 19

11 37 -57
0 0 1 0 1 0
1.281892 1.319303 0.809263 4.942551 30.779825 21.004842
1.302356 6.745035 1.597725 4.936436 1.220749 67

20 15 70
1 0 0 0 0 -1
1.564452 1.412743 0.991567 4.650541 79.175440 44.220366
0.880314 9.161062 1.405845 5.214536 1.006364 52

47 17 -81
0 0 1 0 -1 0
0.885123 1.345620 0.865540 4.643546 42.152462 97.060200
0.899167 8.846541 1.393885 1.996271 1.494850 45

1 -57 51
0 1 0 -1 0 0
1.545849 0.839925 0.934866 4.060996 8.776621 27.799274
1.208769 9.841238 1.041188 2.093348 1.245189 46

73 52 -25
0 0 1 1 0 0
1.485478 1.116902 1.361340 3.474889 45.504765 48.118286
1.549750 6.993594 1.903692 4.241575 1.122725 7

65 60 -24
0 1 0 1 0 0
0.789717 1.496446 1.129532 4.737842 77.950115 34.171992
1.340545 5.187978 1.212414 4.534525 1.549690 91

-20 63 48
1 0 0 0 0 -1
1.316887 1.269025 1.525990 3.805433 83.218749 68.668877
1.545921 6.045301 1.044532 1.523820 0.987701 15

-77 -21 -51
0 -1 0 -1 0 0
1.212947 0.954728 1.238531 3.461767 33.884204 86.890061
1.246153 9.968995 1.366561 6.656423 0.827677 58

-62 91 -90
0 0 1 0 -1 0
1.275577 0.981634 1.411794 4.223847 35.603757 68.304259
1.433444 4.927295 1.327245 4.670559 0.871538 76

44 70 -29
0 0 1 0 -1 0
1.333982 0.998048 0.954036 3.169996 85.135149 4.508702
1.422612 8.775091 1.383826 8.002656 1.077289 48

-35 -10 15
1 0 0 0 1 0
0.962462 1.150772 0.981836 4.612789 40.255300 82.782379
0.836981 8.117968 1.379364 2.357018 1.035901 59

23 30 -92
0 -1 0 1 0 0
0.845978 1.452253 0.967337 4.234156 53.004792 30.553655
1.375298 7.984216 1.617534 5.752814 1.406797 35

34 19 14
1 0 0 0 1 0
0.800847 1.292106 1.049329 4.038830 87.939905 73.128082
1.297308 9.982874 1.767966 9.342246 0.944755 34

-91 11 4
0 -1 0 1 0 0
0.936246 1.319699 1.477294 4.070782 43.151426 49.654165
0.817978 7.838867 1.125499 2.447764 0.863840 12

-98 82 36
0 -1 0 0 0 -1
1.367104 1.430123 0.821048 3.087813 5.435568 79.378345
1.033441 6.250882 1.403838 9.633599 1.569779 93

39 -4 -96
0 0 -1 0 -1 0
1.559258 1.550616 0.853229 3.957694 74.522170 5.078105
1.161233 9.901357 1.283014 3.704268 1.067407 15

-98 13 56
-1 0 0 0 -1 0
1.488308 0.809075 1.559129 3.597719 30.530389 5.591234
0.871282 4.566035 1.011930 7.078517 1.434433 35

-31 -96 59
1 0 0 0 1 0
1.199699 1.266956 1.469194 4.105415 27.459518 98.273085
0.986542 5.950325 1.906543 5.056375 0.988876 57

31 -44 58
0 0 -1 1 0 0
1.223400 1.332666 0.999973 4.716170 92.969939 12.171458
0.888578 8.535673 1.521115 4.960625 1.527767 43

1 89 -74
0 1 0 1 0 0
1.147722 0.852429 0.914372 4.150772 1.118537 15.575647
1.484195 5.488585 1.190680 9.259767 1.552057 3

29 -53 83
0 0 1 -1 0 0
1.504504 1.030013 1.385822 4.867412 79.627585 16.473617
0.962765 9.649224 1.094959 4.704399 1.263526 6

36 -81 27
0 0 1 0 -1 0
0.840405 0.951456 1.155035 3.126576 54.681147 3.432248
1.552309 7.828978 1.555231 5.514348 1.541677 14

-40 72 -49
-1 0 0 0 -1 0
1.125594 1.372132 0.864279 4.358235 93.953717 70.710933
1.210559 7.048584 1.720121 4.497761 1.334816 85

-4 5 -87
0 1 0 1 0 0
1.318901 1.105880 1.150663 3.030345 29.103668 40.849638
0.987548 7.694923 1.876953 7.600404 0.997208 86

64 10 -58
1 0 0 0 -1 0
0.986059 0.947695 0.976188 3.697130 60.718796 67.925484
1.047682 7.353441 1.209531 9.714283 0.989717 18

-45 -52 87
1 0 0 0 0 -1
1.282942 1.158310 0.966679 4.907585 18.980568 55.323462
0.923617 9.346551 1.255567 3.817328 1.338591 39

-24 70 -49
1 0 0 0 1 0
1.406016 1.103592 1.393728 3.838049 98.466984 42.570477
1.506360 8.891005 1.098634 8.797175 1.174431 56

21 90 75
-1 0 0 0 1 0
0.817024 1.451358 1.385634 3.757921 20.381181 5.412226
1.038689 8.556128 1.198075 4.029891 1.475639 16

-11 -4 -65
1 0 0 0 0 -1
1.119436 1.497573 1.490227 4.320747 13.027160 90.084686
1.021918 7.616563 1.036417 8.070831 0.947011 2

-93 69 18
1 0 0 0 -1 0
1.391514 1.246154 1.057873 3.062113 62.131908 92.661989
1.120898 9.633318 1.373067 1.134556 1.057886 35

-87 99 29
0 0 -1 0 -1 0
1.338633 1.083385 1.096972 3.870362 77.161562 90.629649
1.516669 9.467373 1.948869 8.900615 0.853292 33

-4 -63 -14
0 -1 0 1 0 0
0.939421 1.442613 0.868908 4.151840 55.771274 74.115484
0.831670 7.559730 1.490743 3.100061 0.869969 96

-24 -69 76
0 -1 0 0 0 -1
1.010957 1.117386 1.475907 3.104048 70.900483 92.999563
0.955939 6.621533 1.642094 2.909568 0.848031 26

33 52 -40
0 0 -1 0 -1 0
0.833222 1.022868 1.125492 3.245629 20.128825 84.175519
1.238088 9.567274 1.249553 3.558996 0.931587 13

80 -41 20
0 0 -1 -1 0 0
1.505423 1.127635 1.058129 3.746062 75.703924 2.501037
1.414597 3.756641 1.659642 8.562480 0.857461 79

-30 -22 -79
-1 0 0 0 1 0
1.043821 1.032367 1.040434 3.118363 40.970574 32.809367
1.169973 7.589475 1.506859 3.090721 0.868169 79

27 70 -30
0 0 1 1 0 0
1.556675 1.394030 1.331920 4.068697 74.637961 95.574766
1.347322 5.441083 1.221234 7.326726 1.443220 99

-37 -18 -2
-1 0 0 0 0 -1
0.968596 0.968942 1.538811 4.567748 64.854735 85.595135
1.069126 4.040122 1.082610 4.639742 1.367820 26

-18 4 43
0 0 1 1 0 0
1.182713 0.799499 1.039913 3.700023 24.862087 1.251485
0.931991 9.544404 1.808292 1.317998 1.085025 46

76 36 27
0 0 -1 1 0 0
0.904355 1.501186 1.248427 4.561628 81.007840 38.115670
1.201580 9.092884 1.554475 9.582306 1.367190 75

37 -83 23
-1 0 0 0 0 1
1.289159 1.550551 0.883063 3.921682 32.506973 21.565005
1.475615 4.209315 1.344057 1.817486 1.061600 44

-45 -22 -2
-1 0 0 0 0 1
1.391840 0.808953 1.420757 4.648741 40.912769 17.013477
0.870593 6.934756 1.961958 1.939523 1.016354 48

-12 43 60
1 0 0 0 0 -1
1.415766 1.117095 0.962829 3.542412 47.392243 85.766501
0.929580 7.210901 1.820733 4.738041 0.818549 27

72 -91 -32
0 1 0 1 0 0
1.551436 1.279725 1.405930 3.349477 63.627212 92.149506
0.926403 6.432796 1.250791 2.991095 0.947935 54

-87 -86 42
0 0 1 0 -1 0
1.363881 0.916714 1.213595 4.462579 38.964902 5.125137
1.527696 5.537278 1.475982 5.076877 1.506150 49

-96 -29 -27
0 0 1 1 0 0
1.333874 1.371196 1.007304 3.846685 71.264954 47.272510
0.815623 3.071011 1.297226 6.930805 1.101618 60

-19 46 44
1 0 0 0 -1 0
1.480150 1.553263 0.812527 4.391714 11.393274 69.329729
1.018203 3.766038 1.601468 6.579119 1.305670 52

-68 17 96
0 0 -1 0 -1 0
1.346428 1.229461 1.079960 4.588393 70.916909 2.217372
1.080336 9.714262 1.610560 6.348668 1.252213 77

45 87 -61
1 0 0 0 -1 0
0.950125 1.302898 1.294979 4.543158 62.657576 77.126123
1.427433 7.118731 1.142122 1.677403 1.390273 47

-31 55 94
0 -1 0 1 0 0
1.441728 1.420610 1.134677 3.942319 70.762517 52.924446
0.871835 7.460831 1.977563 5.973504 0.937231 33

-17 82 -9
0 0 -1 -1 0 0
0.836239 1.024222 1.422062 3.656329 91.249698 34.525888
0.917556 3.411413 1.844613 6.669433 1.043660 25

32 9 -46
0 0 1 0 1 0
1.088988 0.946946 0.807334 4.832711 93.009446 80.652371
1.523908 8.622273 1.118666 2.302382 1.537571 66

73 21 -9
0 0 -1 1 0 0
1.368016 0.801301 1.495894 3.772055 85.713101 7.357605
1.253667 9.834278 1.981830 6.323592 1.192230 96

13 -52 30
0 1 0 -1 0 0
1.344322 1.123489 1.139814 4.429741 59.035301 47.037868
1.272321 7.536306 1.724013 3.943868 1.468430 23

-3 1 80
-1 0 0 0 0 1
1.059775 1.483530 1.361694 3.219664 8.356030 49.104326
1.517201 3.586888 1.088071 7.129402 1.530502 85

-46 -16 -82
0 1 0 1 0 0
1.151366 1.152575 0.949558 4.086503 36.341350 57.858449
0.903727 6.634065 1.059530 6.469057 0.853230 79

71 41 83
0 0 -1 -1 0 0
0.886889 1.154087 1.513674 4.309130 6.282324 53.369802
0.884659 5.437581 1.859744 8.716734 1.540506 19

77 -64 25
0 0 -1 1 0 0
1.003691 1.412683 1.172211 4.439780 58.827791 45.190123
0.927559 7.816989 1.599829 1.528082 1.532183 73

-37 98 -12
0 1 0 0 0 -1
0.934176 0.972647 1.380908 3.895470 97.686292 19.386240
1.275868 8.446138 1.049004 2.727401 1.227644 82

-9 43 -88
0 0 1 0 -1 0
1.446620 1.042167 0.800268 3.540514 65.490052 4.452096
0.852845 9.272114 1.666575 8.694625 1.417856 87

-80 86 44
0 0 -1 -1 0 0
1.099748 0.835869 0.953438 3.403396 90.046183 66.964229
1.200893 4.112285 1.000628 8.762918 1.088311 4

97 38 -44
0 0 -1 0 1 0
1.364522 1.450447 0.992074 3.494421 77.758083 37.313827
1.336559 9.268800 1.019334 7.637321 1.011622 82

-26 39 47
0 -1 0 1 0 0
0.801524 1.486355 1.032639 3.830800 48.493927 14.318168
1.364663 4.392759 1.608906 7.885468 0.833948 24

-55 75 74
0 0 1 0 1 0
0.852388 0.822581 1.543350 4.483444 25.938500 40.999233
0.876886 4.691366 1.969526 1.575184 1.340235 33

-80 61 -44
0 -1 0 1 0 0
1.048792 0.844799 1.379676 3.629768 22.670342 26.918112
0.818570 6.024663 1.791194 8.963297 0.816095 58

41 -70 21
1 0 0 0 1 0
1.166087 1.089349 1.144317 3.892983 63.461357 66.745109
1.135722 6.443402 1.490303 3.305158 1.430609 6

-52 -49 62
0 1 0 0 0 1
1.430208 1.194891 1.396497 4.619229 57.447697 13.883635
1.546520 8.824602 1.067007 4.027084 1.245613 72

-91 7 23
0 1 0 -1 0 0
0.892494 1.486741 1.291087 4.308337 64.129140 87.147024
0.972211 7.993322 1.082154 5.300477 1.241151 10

69 -21 88
0 0 1 0 -1 0
1.374955 1.455911 1.311091 3.970486 61.309051 20.963145
0.899799 6.307563 1.539154 9.540500 0.879028 2

