20 100
20 81 -88
0 1 0 0 0 1
1.174349 1.032230 1.028556 3.204759 33.352535 20.738279
1.013227 7.648322 1.163643 3.340073 1.539369 1

-15 73 -24
0 -1 0 -1 0 0
1.355816 1.298480 1.354283 3.163255 11.499138 42.650580
1.569547 5.124475 1.212579 4.603147 1.140128 46

71 20 -11
0 0 -1 0 1 0
0.949682 1.205851 1.299934 3.264403 61.212278 66.360990
1.253830 9.891358 1.306413 6.788448 1.371913 25

-99 36 60
0 -1 0 1 0 0
1.534775 1.172681 0.893013 4.652515 96.331885 99.216039
1.276852 3.981247 1.648972 2.505599 1.044678 17

-66 -11 -46
0 -1 0 -1 0 0
1.282611 1.207127 0.965010 3.483132 52.803793 42.862600
1.186032 4.695701 1.774936 1.798460 1.009804 41

2 8 -73
0 0 -1 0 -1 0
0.928341 1.250853 1.081030 4.366334 82.595630 84.057016
0.999337 8.049752 1.987147 9.223042 1.436663 39

28 -44 14
-1 0 0 0 1 0
1.413755 1.541717 1.247315 4.100426 89.161012 86.491091
1.067739 8.251449 1.208232 4.902460 1.392926 56

-10 -7 74
1 0 0 0 -1 0
0.845869 1.070802 1.452458 3.834201 75.036142 16.035286
1.363780 8.587098 1.024125 6.005610 1.032869 7

-18 -27 -81
1 0 0 0 1 0
0.796480 1.503021 1.523455 3.886355 95.333140 76.633592
1.192690 3.580347 1.852148 6.120393 0.838984 81

-85 48 19
-1 0 0 0 1 0
1.476895 0.791415 1.156969 3.370451 1.088080 37.406416
0.801991 5.027829 1.006917 6.744266 1.305341 4

26 -69 70
1 0 0 0 1 0
1.296785 1.235493 1.004881 3.316861 42.409916 38.756548
1.397195 6.335180 1.018651 5.504338 1.393006 47

-44 71 93
1 0 0 0 0 1
0.957057 0.901706 1.037712 4.908612 10.339154 94.415272
1.540261 8.444560 1.021372 5.772425 1.164041 100

49 51 72
0 -1 0 0 0 1
1.016963 0.953808 1.402491 4.267061 44.504317 99.845010
1.164765 7.525056 1.855370 7.583710 1.337780 34

82 -45 25
0 0 1 1 0 0
1.276336 1.156966 1.008458 3.469867 61.064774 97.523890
1.411822 5.659983 1.045014 4.652760 1.081879 77

-71 -99 48
0 0 -1 0 -1 0
1.341863 1.293118 1.385534 4.951503 23.888787 20.418962
0.981434 9.215775 1.229209 5.732934 1.451098 92

46 5 -23
1 0 0 0 0 -1
1.123505 1.378462 1.267837 4.113066 7.899947 14.979172
1.288235 9.000587 1.199850 6.820306 1.310110 59

-86 66 -11
1 0 0 0 0 -1
1.047372 1.559174 1.436544 3.193668 68.837795 55.746057
1.303751 4.581102 1.560543 6.619258 1.223043 18

20 -27 52
0 1 0 0 0 1
0.953643 1.379543 1.373703 3.173442 31.147683 18.223787
1.350095 4.845724 1.731955 7.529220 1.035549 10

-40 -83 96
0 0 -1 1 0 0
1.568418 1.142231 1.352782 3.583457 2.391218 26.214803
1.012186 9.701766 1.385310 8.338887 0.935282 51

17 -62 87
1 0 0 0 0 1
0.948263 1.408518 1.304865 4.396203 18.788702 54.082108
0.929523 6.946403 1.935424 8.230542 1.474836 87

-40 99 43
-1 0 0 0 0 1
1.304083 0.984733 1.548472 3.966550 88.435828 15.252543
1.261634 4.458396 1.019901 9.644603 1.516378 85

-85 -4 57
0 1 0 -1 0 0
1.493683 0.940106 0.989706 4.380503 68.672589 92.819202
0.818801 4.448148 1.895568 5.536587 0.876898 34

7 -32 62
0 1 0 -1 0 0
1.070743 1.330264 1.118949 3.881290 12.910852 92.962386
1.097890 7.652355 1.391505 6.950308 1.514941 63

14 63 96
-1 0 0 0 0 1
0.889384 1.279963 1.014306 4.153220 52.508308 93.691718
0.915254 4.834689 1.034113 3.256555 1.221361 25

-11 -76 38
0 0 -1 0 1 0
1.285858 1.493247 1.006285 3.771004 62.571299 37.312434
0.843743 4.683491 1.563351 1.356407 1.567626 86

-19 -41 -96
0 1 0 0 0 -1
1.121274 1.569624 1.412879 4.009583 75.758617 64.700588
1.202058 4.413294 1.270220 9.038861 1.269532 99

61 95 60
-1 0 0 0 1 0
1.361020 1.308277 1.383395 3.346179 95.323145 15.262249
0.813266 9.463398 1.327926 4.397254 1.303827 35

24 40 -48
-1 0 0 0 -1 0
1.270825 1.456239 1.114701 3.158724 65.536316 31.296919
0.839179 9.857248 1.527940 9.090085 1.484134 80

20 -4 49
0 0 1 1 0 0
1.320713 1.351796 0.989717 4.703198 14.584473 64.828885
1.186363 9.269035 1.892742 6.798416 1.486475 10

30 -91 -7
1 0 0 0 -1 0
1.020057 0.790601 1.063160 4.636408 84.610276 11.171483
1.348228 7.027390 1.846651 8.584166 1.523272 67

-6 -51 34
1 0 0 0 -1 0
1.264308 0.898928 1.244235 4.037231 71.863002 35.481584
0.838222 6.645254 1.983819 3.326860 1.479421 33

-29 27 35
-1 0 0 0 -1 0
0.920609 1.258254 1.241375 4.839268 78.515101 16.537153
1.161581 6.905504 1.289131 7.038049 0.808197 84

17 7 -79
0 1 0 0 0 1
1.567022 1.372944 0.937161 3.071745 34.496420 57.608401
1.333503 7.191950 1.181373 4.036960 1.181996 7

65 -42 -66
0 -1 0 0 0 -1
1.118664 1.188739 0.842087 3.550106 22.834720 20.507468
1.321069 9.522117 1.283740 3.788613 1.384392 54

77 -14 83
-1 0 0 0 1 0
0.875815 1.308251 1.057888 3.885737 74.646123 64.496977
1.427412 3.379368 1.382051 6.970427 0.818083 24

-47 43 -83
1 0 0 0 1 0
0.893390 1.153012 0.909602 4.454905 4.717533 54.645350
1.156174 6.141300 1.816263 7.371618 1.538298 28

64 94 44
0 1 0 0 0 1
1.100744 1.323541 1.404062 4.483411 46.092136 91.831393
1.355500 9.578442 1.301602 3.333808 1.529015 72

-1 -65 -4
1 0 0 0 0 -1
0.814629 1.109819 1.155287 4.697507 22.638548 53.837663
1.176851 3.235024 1.446436 6.672663 1.383921 23

-44 -70 -94
0 1 0 1 0 0
1.213149 0.905064 1.331860 3.208243 15.267820 71.521819
0.847409 3.878948 1.655347 9.559889 1.457601 11

-11 99 -86
0 0 1 0 -1 0
1.301691 0.826326 1.241524 4.722318 24.090084 53.201479
1.174341 9.933783 1.669289 1.232059 1.246059 99

