2 10
-59 63 -10
0 0 -1 1 0 0
0.909851 1.258131 1.438800 3.676939 30.744238 96.056792
1.540076 19.013685 1.452300 5.738841 1.110863 1

43 32 30
-1 0 0 0 1 0
1.544830 1.012444 1.231872 3.061317 55.762955 83.125024
1.292144 15.377803 1.402896 4.719711 1.331288 1

20 93 -76
1 0 0 0 1 0
1.355596 1.324150 1.394398 3.492509 28.408899 46.921757
1.457303 5.114323 1.368816 4.722447 1.234741 1

-59 72 -11
0 -1 0 1 0 0
1.411991 0.916504 1.214980 3.372570 29.836249 63.966339
1.138950 18.210324 1.104870 3.755266 1.543710 1

