100 1
-62 32 -37
0 0 -1 0 -1 0
0.952471 1.245031 0.901841 3.743263 23.081500 57.043923
1.510641 4.581265 1.799297 4.642454 0.952653 1

-31 -58 45
0 0 1 0 1 0
1.022035 0.806955 1.433023 3.318702 66.809466 96.083926
1.557155 15.680547 1.663987 3.501051 0.888554 1

-70 12 -5
0 0 1 0 1 0
1.520991 1.088218 1.428198 3.750067 49.881208 28.967849
1.476865 8.195099 1.352942 3.910931 1.096519 1

-9 63 -35
0 0 1 0 1 0
1.328711 1.091332 1.408340 3.698649 76.526202 56.776550
1.555317 18.183228 1.759453 3.059220 1.439781 1

-32 50 93
0 1 0 -1 0 0
1.009161 0.919309 0.805048 3.617497 69.575093 51.937496
1.355799 10.597380 1.506070 6.099249 0.977005 1

78 8 -62
0 0 -1 -1 0 0
1.496536 1.468737 1.525651 3.600621 17.401112 18.977756
0.808653 15.001253 1.051056 6.688647 1.244688 1

-22 16 72
0 -1 0 -1 0 0
0.808567 1.064135 1.382469 3.972007 94.627597 58.951326
1.098929 6.395295 1.694084 1.728944 1.241732 1

-53 -78 -97
0 -1 0 0 0 -1
1.330410 0.921652 0.789624 3.818566 17.208142 1.419055
0.791744 11.226101 1.615918 2.469370 1.034174 1

-83 90 33
0 1 0 1 0 0
1.359952 1.553585 1.054904 3.156555 6.858554 95.233596
1.130263 10.140166 1.760443 1.040865 1.152130 1

-53 -40 35
-1 0 0 0 0 -1
1.508575 1.277943 1.435767 3.932265 18.409025 13.059584
1.395803 10.487850 1.874711 2.677031 1.535785 1

69 -97 -79
0 0 1 -1 0 0
0.980540 1.486785 0.960903 3.069737 89.707902 89.201054
1.121618 13.434836 1.170657 2.330085 1.188677 1

-1 11 -59
1 0 0 0 0 -1
0.875286 0.872840 1.233502 3.500909 86.532171 84.709437
1.533180 13.885223 1.135967 4.211182 1.556851 1

-10 60 -11
0 0 1 0 -1 0
0.891076 1.096060 1.394440 3.255527 44.449466 38.879268
1.454827 11.896322 1.672221 3.647827 1.542006 1

83 -49 19
0 0 1 0 1 0
1.555537 0.975451 1.456745 3.707228 10.564898 15.755348
0.835176 7.896407 1.240421 4.025949 1.540539 1

5 68 33
0 0 1 0 -1 0
0.921111 1.270820 1.169683 3.171158 48.722532 77.102303
1.259001 8.219984 1.741131 7.022361 1.375043 1

-70 -98 -50
0 0 1 1 0 0
1.257722 1.353640 0.881850 3.018277 31.179951 70.951583
1.331902 16.146347 1.328618 8.507005 0.908189 1

-56 -18 -71
-1 0 0 0 0 -1
1.540325 1.308763 1.247820 3.052725 50.700474 50.235474
1.360700 19.114365 1.059117 5.591571 0.958563 1

-48 40 91
0 1 0 -1 0 0
1.256848 1.296060 1.119149 3.320585 74.940190 15.350691
1.072557 8.662983 1.051710 9.374555 1.189905 1

-61 -30 -87
0 0 1 0 1 0
1.291072 0.908730 1.473246 3.626381 50.718521 33.240623
1.231065 7.268917 1.936891 5.664854 1.090618 1

7 69 70
0 0 -1 0 -1 0
1.544071 0.827988 0.898670 3.972492 41.859340 30.821479
1.568736 11.408171 1.310255 5.326682 1.314760 1

-52 82 -79
1 0 0 0 0 1
1.170279 1.355780 1.037889 3.864753 30.684268 57.118989
1.162254 9.986431 1.510704 5.702381 0.790782 1

-80 3 69
0 -1 0 0 0 -1
0.961924 1.510596 0.993068 3.877846 61.906025 18.174050
0.853027 17.374093 1.396142 8.949535 1.419090 1

-19 -68 14
0 -1 0 1 0 0
1.018983 0.914557 1.142710 3.575885 70.966490 79.500474
1.381506 9.611139 1.725100 8.516695 1.421220 1

41 -21 53
0 0 -1 1 0 0
1.024421 1.303330 0.869400 3.651398 86.620615 71.356043
1.203097 13.842728 1.552919 8.457671 1.523906 1

18 -58 -38
0 0 1 0 1 0
1.453851 1.518546 1.181412 3.109133 9.859378 96.839670
0.947762 5.774574 1.489812 4.941314 1.511262 1

39 69 -75
-1 0 0 0 0 -1
1.139979 0.830818 1.396458 3.868796 65.855070 78.531166
1.284496 7.686329 1.347988 6.656274 1.194794 1

98 -27 39
0 -1 0 -1 0 0
0.955495 0.851403 1.508479 3.126303 9.057343 97.376487
0.843271 4.453767 1.871733 1.308539 0.983953 1

22 88 -60
0 -1 0 0 0 1
1.209021 0.817364 1.516954 3.717660 84.202366 94.458945
1.562807 7.169396 1.147156 4.179376 0.903372 1

-29 -76 97
0 -1 0 -1 0 0
0.902806 0.932828 1.392252 3.171809 89.472408 28.660936
1.190303 8.543185 1.448458 4.124632 1.387605 1

-26 45 -65
0 1 0 0 0 1
0.984115 0.933917 1.418169 3.018283 20.594276 23.514603
1.295868 13.708178 1.041391 2.766635 0.845313 1

-28 -1 71
0 0 1 0 1 0
1.546863 0.917893 1.468607 3.270481 13.198359 27.603408
1.353402 13.626113 1.319920 1.678693 1.004900 1

22 87 -68
0 1 0 1 0 0
1.152829 1.310357 1.154100 3.073920 73.838138 71.843794
1.527624 9.609046 1.314141 1.940530 1.472449 1

-12 26 97
1 0 0 0 -1 0
0.818815 0.969371 0.899165 3.125271 96.490241 39.235349
0.968792 8.769957 1.553127 9.257636 1.008145 1

21 33 -76
0 0 1 1 0 0
0.951619 0.959016 1.441880 3.409849 64.101340 98.648725
1.562396 8.053578 1.414880 8.212170 1.309247 1

-31 -45 45
0 0 1 -1 0 0
1.570755 1.433651 1.517400 3.298469 73.463844 90.375620
1.466272 15.219288 1.429943 6.658265 0.790016 1

-81 18 -78
-1 0 0 0 -1 0
1.039467 1.046748 1.018382 3.686998 90.855161 25.675168
1.180674 13.716928 1.662951 9.555411 1.153991 1

-30 21 7
0 1 0 0 0 -1
1.196223 1.567207 1.072178 3.120394 58.144808 29.761525
1.466133 5.049543 1.072984 2.095793 0.902983 1

-57 23 -84
1 0 0 0 -1 0
1.316122 0.962763 1.216081 3.458491 18.956288 85.421654
1.284057 16.128876 1.310634 5.193309 1.052581 1

44 88 59
0 -1 0 1 0 0
1.240711 1.127135 0.876607 3.290066 4.557995 47.637498
1.146033 13.401713 1.697700 2.850436 0.952547 1

-92 -58 50
0 0 -1 0 1 0
1.060370 0.945378 1.174543 3.496088 31.661747 6.129438
1.413093 8.111736 1.329294 8.766700 0.957246 1

37 -54 -57
0 0 -1 0 1 0
1.208601 0.975175 1.241801 3.356115 70.191107 48.288067
0.816250 3.916109 1.893431 1.433248 0.800514 1

9 -64 -50
0 0 1 0 -1 0
1.303355 0.849343 0.858460 3.236590 79.963252 9.818293
1.084186 14.310449 1.135119 2.057336 1.422096 1

10 33 -50
-1 0 0 0 1 0
1.544147 1.036597 1.495890 3.907499 23.381472 88.284796
1.185400 5.387997 1.852566 7.707363 1.479898 1

-68 34 33
0 0 1 0 1 0
1.467126 0.892495 1.211016 3.915336 56.861514 57.267721
1.086352 8.054072 1.970914 1.847881 1.439764 1

-34 49 16
0 0 1 0 1 0
1.455274 1.388728 1.451167 3.501367 18.126888 22.013642
1.497884 14.759353 1.735005 3.225091 0.819146 1

76 -100 -88
-1 0 0 0 1 0
1.274670 1.543605 1.564512 3.023339 49.109356 15.509591
1.353099 16.522779 1.776967 2.499585 1.420717 1

-90 24 -97
0 0 1 0 -1 0
1.268364 1.552286 0.972056 3.366801 70.271196 44.969893
1.042932 16.430939 1.714341 9.802510 1.410855 1

-19 67 -71
1 0 0 0 1 0
1.068112 0.911348 1.262743 3.775203 15.602826 1.124939
1.001841 13.767504 1.245474 7.990564 0.979481 1

-55 74 76
0 1 0 -1 0 0
1.384975 1.345649 0.791910 3.990273 13.296423 84.092894
1.229684 9.186601 1.943023 8.917054 1.168993 1

-46 -83 61
0 1 0 1 0 0
1.010076 0.932752 1.501426 3.643572 39.209573 88.824756
1.388326 6.973308 1.326377 2.816662 1.500623 1

-29 61 64
0 0 1 0 1 0
1.277510 1.427063 1.064392 3.964726 83.166551 7.572287
1.030602 5.586464 1.053123 7.512538 1.396230 1

3 84 72
0 0 -1 0 1 0
0.855526 0.944618 1.030002 3.634708 74.933476 28.303049
0.894199 5.898877 1.558208 3.229423 0.935903 1

-57 40 -95
0 0 -1 -1 0 0
1.505187 1.301667 1.520750 3.366375 92.642009 41.928207
1.198518 5.727176 1.689335 8.038552 0.842471 1

-76 67 15
0 0 1 -1 0 0
1.425006 1.405993 1.041093 3.293524 73.345021 36.631784
1.416692 15.974158 1.355839 1.926699 0.836650 1

23 73 -70
0 0 1 1 0 0
1.000401 1.406207 0.863083 3.744002 91.215526 52.584052
1.312702 4.175895 1.333340 3.570370 0.798181 1

-91 -100 67
0 0 1 -1 0 0
1.437833 1.209668 1.060086 3.834875 42.879332 70.802267
1.077511 12.464419 1.794932 4.665739 1.018616 1

-86 -75 -51
1 0 0 0 1 0
1.101748 1.462069 0.997086 3.621443 87.369616 54.494011
0.964741 5.463101 1.997358 8.655273 0.808358 1

-55 13 8
-1 0 0 0 1 0
0.891040 1.346900 0.995174 3.351375 81.567783 65.092073
1.519515 11.576509 1.307595 4.869707 1.045130 1

53 77 -8
1 0 0 0 0 -1
1.113630 1.549026 1.164666 3.301644 87.320054 23.083181
1.170760 13.445350 1.363024 4.389072 1.032875 1

61 -83 -72
0 -1 0 -1 0 0
1.424135 1.147600 1.119613 3.938491 7.303163 29.784653
0.881059 16.021743 1.361271 3.637319 0.977858 1

-18 54 -80
-1 0 0 0 0 -1
1.001388 1.551227 1.177939 3.021681 29.944239 47.899565
1.288721 19.837951 1.856614 8.413115 0.924844 1

37 -14 -69
1 0 0 0 0 -1
1.149599 1.519057 0.893272 3.599485 18.965198 66.111824
1.369968 7.292458 1.685220 1.788111 1.110166 1

-41 -81 -9
-1 0 0 0 0 1
1.133889 1.569635 0.968679 3.694888 56.130463 16.507403
1.389950 11.666357 1.174643 4.960969 1.489082 1

-21 51 25
0 0 -1 0 1 0
1.379838 1.535199 1.305857 3.964889 68.349461 10.684702
1.373445 14.303635 1.293503 3.463316 1.192277 1

36 32 6
0 -1 0 -1 0 0
1.159573 0.881398 0.963671 3.117604 70.524964 66.065113
0.852670 8.534586 1.520721 9.323900 1.333136 1

-54 3 78
0 0 1 -1 0 0
1.453788 1.034633 0.976542 3.994281 6.533819 80.225037
0.833768 18.847277 1.743810 1.741162 1.385773 1

-52 46 10
0 0 -1 1 0 0
1.190554 1.404459 1.471394 3.754274 27.875178 20.944438
1.321095 9.628799 1.401605 3.186842 1.473827 1

-44 -80 40
0 1 0 -1 0 0
0.916391 1.266267 1.109548 3.132156 82.206851 36.114610
0.916720 13.631570 1.305214 4.874671 0.859080 1

50 71 39
0 0 1 0 1 0
0.922949 0.869459 1.128292 3.143729 86.372528 14.649334
1.321294 11.919124 1.467494 3.426076 0.971561 1

-36 -39 68
1 0 0 0 0 -1
0.855919 1.287277 0.793548 3.542902 43.733089 61.791227
1.450476 7.359980 1.550990 6.842142 1.002527 1

51 29 -4
0 1 0 0 0 1
1.147626 1.517913 0.985176 3.893680 76.864960 76.063653
0.991682 5.951865 1.345765 7.691407 1.093428 1

65 1 -86
0 -1 0 0 0 1
1.335083 0.822739 1.351762 3.522677 45.948139 31.197139
1.503097 18.334026 1.442223 2.141115 0.948263 1

94 55 -98
0 1 0 0 0 1
1.392168 1.065450 1.142615 3.443168 29.404228 45.762247
0.837283 16.637767 1.391946 9.506765 0.825590 1

-35 77 78
0 0 -1 -1 0 0
1.321003 1.382315 1.514243 3.190750 25.914747 68.675227
1.283811 7.597725 1.444677 1.046905 0.909216 1

64 97 -33
0 0 1 1 0 0
1.371967 0.979220 1.452922 3.215372 22.324274 76.343319
1.402907 12.518992 1.016913 8.347920 1.160212 1

-96 -37 79
1 0 0 0 1 0
1.282452 1.144698 1.298484 3.161090 7.974851 36.828249
1.350438 3.933282 1.652907 7.978852 1.131514 1

30 42 90
0 0 1 1 0 0
0.903116 0.958763 0.954355 3.763874 79.417233 63.395083
1.085986 14.542881 1.853362 6.405003 1.172139 1

-83 89 -34
0 -1 0 0 0 -1
1.419439 1.473602 1.433002 3.233091 69.939722 26.959459
1.564271 5.238330 1.127393 4.417150 1.284604 1

-52 10 -45
0 -1 0 0 0 1
1.326280 0.844579 1.085940 3.919127 23.474439 92.685515
1.162424 14.568359 1.075958 3.826723 1.526985 1

14 -86 83
0 -1 0 -1 0 0
1.438894 0.961306 1.324543 3.172837 28.850085 46.873523
1.566532 5.058517 1.351300 6.055436 0.878612 1

25 71 79
-1 0 0 0 1 0
1.123418 1.221747 1.513600 3.411682 88.588295 36.063276
1.199144 11.977721 1.966847 9.550683 1.054407 1

89 -56 -49
-1 0 0 0 -1 0
1.011072 0.870715 1.288245 3.793327 5.481530 22.406686
0.851446 6.914409 1.401158 5.071058 1.344229 1

-68 -80 -23
0 0 -1 1 0 0
1.195431 1.565206 1.192476 3.522734 59.724588 40.103247
1.518655 15.085786 1.514505 8.310785 1.387231 1

45 -60 58
-1 0 0 0 0 -1
1.279103 1.203255 1.381679 3.397989 62.536916 92.185477
1.150554 12.054997 1.879309 6.113148 1.332980 1

7 78 -88
0 -1 0 1 0 0
1.530689 1.013647 1.334347 3.372200 44.900044 91.283410
1.510051 10.126395 1.838842 5.121706 1.017509 1

23 -57 64
0 1 0 0 0 1
0.930341 1.553264 1.205366 3.244328 36.487406 85.257480
0.839999 10.732992 1.382073 6.950869 1.146553 1

66 -59 41
0 1 0 1 0 0
1.094488 0.947551 1.042175 3.280732 15.939549 67.789874
1.474421 15.949791 1.848584 1.875444 0.967358 1

73 -43 67
0 -1 0 -1 0 0
1.124684 1.210736 0.950987 3.550670 32.378760 85.980015
0.930938 9.893713 1.469026 1.896722 0.950602 1

63 3 6
1 0 0 0 0 -1
1.183728 1.190682 1.508222 3.069447 87.767937 55.378662
0.844811 18.063283 1.625838 8.119139 1.289168 1

76 -11 79
-1 0 0 0 0 -1
1.358981 1.338474 0.962318 3.671956 70.980149 10.811818
1.563040 19.684138 1.277396 2.349356 1.201613 1

68 -50 64
0 -1 0 0 0 1
1.139777 1.402288 1.302247 3.582384 96.596901 64.553653
1.554688 12.330400 1.900553 7.918499 0.934545 1

2 14 -75
0 1 0 0 0 1
1.109076 1.456476 1.259875 3.604313 89.244347 1.174588
1.396100 17.152859 1.691858 1.442433 1.217956 1

75 -91 -28
1 0 0 0 0 -1
1.038595 1.048634 1.360428 3.587912 31.666814 73.996655
0.910179 13.963669 1.652435 2.304642 1.315084 1

-56 -90 2
0 1 0 1 0 0
1.300432 1.174536 0.969772 3.230079 92.053260 8.187122
1.023556 5.126746 1.369674 1.026738 1.504297 1

-43 -37 96
0 -1 0 0 0 -1
1.178659 0.994599 1.056791 3.203936 52.997077 56.797143
1.148721 7.653402 1.238751 3.759119 1.554331 1

-60 -15 26
0 -1 0 0 0 -1
1.446809 1.062346 1.368847 3.741059 62.081529 82.762379
1.565361 6.676425 1.730679 3.013578 1.250006 1

2 57 -99
-1 0 0 0 0 -1
1.448304 1.114541 1.557444 3.182142 9.086856 13.807083
1.549420 5.771039 1.314041 9.732115 1.441362 1

28 -18 58
-1 0 0 0 1 0
1.300715 1.240249 0.906351 3.795385 46.777996 30.530724
1.021415 10.541368 1.905952 5.072557 1.232874 1

39 35 -15
0 0 -1 0 -1 0
0.875081 1.267570 1.281952 3.460299 23.243714 25.065663
1.165675 18.582248 1.385385 7.948249 1.460391 1

-6 48 71
-1 0 0 0 0 1
1.228827 1.137436 1.002344 3.754431 4.222929 73.955494
1.106608 13.539177 1.876399 3.518962 0.857979 1

-92 -34 58
0 0 1 0 -1 0
0.821476 1.194534 1.367955 3.685335 23.602110 84.805211
1.055872 17.581388 1.322818 3.667107 1.288059 1

31 80 -98
1 0 0 0 1 0
1.313311 1.236334 0.793175 3.327842 93.803134 95.974484
1.492728 18.332983 1.290467 4.932697 0.894898 1

-97 -100 56
0 0 1 1 0 0
0.942939 1.004149 1.090715 3.965083 81.355017 32.773335
1.347829 3.513583 1.419688 1.559026 1.275798 1

61 -18 10
-1 0 0 0 1 0
1.005614 1.263310 1.466057 3.283746 70.336572 12.107116
1.553765 18.016982 1.880455 1.376195 1.414213 1

-43 5 -9
0 0 -1 -1 0 0
1.247500 1.250066 1.015363 3.012580 36.735702 75.293823
1.251234 4.678812 1.946235 4.459922 1.247999 1

-13 40 43
0 1 0 0 0 1
1.135731 0.970778 0.805960 3.335822 97.765363 71.734155
1.298622 17.893221 1.625592 2.906510 1.485519 1

-60 96 57
0 0 -1 0 1 0
0.832962 1.029390 1.011205 3.333263 32.768036 88.275877
0.906958 11.235205 1.154336 1.629362 1.320528 1

37 17 -52
0 -1 0 0 0 -1
1.550355 1.137539 0.972798 3.517504 54.797143 86.383026
1.418595 14.037245 1.589254 6.023135 1.353989 1

55 10 51
1 0 0 0 1 0
1.487031 1.007216 1.019797 3.483111 23.953492 96.876115
1.521934 16.035873 1.980297 9.282066 0.980744 1

76 -70 -98
0 0 1 -1 0 0
1.374982 1.343873 1.114324 3.736247 30.159150 6.906710
1.130897 13.916993 1.966657 5.659141 0.817443 1

34 -58 99
0 -1 0 0 0 -1
1.082181 0.859590 1.159746 3.292258 58.938903 22.485604
1.467906 19.617296 1.392025 1.174513 0.881840 1

-46 -32 -74
0 0 -1 0 1 0
1.292865 0.959871 1.317038 3.013084 13.296122 62.911524
1.292106 18.233119 1.612851 2.886345 1.298969 1

-79 -38 48
0 -1 0 0 0 -1
1.171024 1.535925 0.934808 3.694525 40.380760 20.895612
0.787518 19.385604 1.915589 2.331625 1.322569 1

-49 36 -62
0 1 0 1 0 0
0.798530 0.848837 0.937037 3.332165 87.642043 98.952197
1.292059 6.624945 1.758654 9.341277 1.112214 1

-36 -5 60
0 0 1 0 1 0
1.465495 0.979765 1.278217 3.340274 48.449497 48.302415
0.905039 5.656963 1.387569 1.487615 0.950533 1

90 45 -60
0 -1 0 0 0 -1
1.288602 1.302166 0.836361 3.747662 41.604698 25.166372
1.339469 18.461987 1.483313 1.259053 1.104577 1

-82 -4 81
0 0 -1 0 -1 0
0.881274 1.115196 1.001978 3.048288 34.557072 45.236119
1.321601 10.418193 1.567171 7.174384 1.116392 1

-85 -22 15
0 0 -1 -1 0 0
1.281068 0.911569 1.349115 3.577653 22.259100 31.515813
1.014127 16.231844 1.368394 8.409843 1.134804 1

-73 62 85
0 1 0 -1 0 0
0.898024 0.874890 1.181846 3.330761 52.505196 11.239892
0.844432 4.271838 1.405818 2.914450 1.341551 1

86 -38 40
0 -1 0 0 0 1
1.356105 1.213360 1.268431 3.670621 10.274068 22.414550
0.973591 10.827945 1.399242 2.014875 1.027258 1

-25 -1 -90
0 1 0 -1 0 0
1.281512 1.511735 1.297238 3.812664 54.806940 54.260362
1.507490 10.983960 1.867146 5.905407 1.440347 1

-64 6 -9
-1 0 0 0 1 0
0.800955 1.400199 0.818784 3.050225 39.736274 12.430509
1.375850 16.852467 1.489533 4.445765 1.107566 1

39 25 -36
0 0 1 0 1 0
0.824494 1.506732 1.257686 3.280889 39.748976 30.270366
1.009357 11.757188 1.072729 7.931698 1.418989 1

-93 -7 -73
0 -1 0 0 0 1
1.230933 0.912683 1.345847 3.545936 26.388067 12.771153
1.221601 16.929713 1.824218 4.025938 1.140564 1

-47 -1 -37
0 0 1 -1 0 0
1.514464 0.943848 0.820849 3.220649 82.617220 68.331812
0.984239 10.067651 1.188130 1.483231 1.389554 1

-35 29 -33
0 -1 0 -1 0 0
1.233090 1.029168 1.376934 3.055722 64.950867 8.011122
0.938554 9.413015 1.840433 8.118887 1.460139 1

-74 -100 -84
0 1 0 -1 0 0
0.924605 0.890007 1.445325 3.293786 22.081111 58.585291
0.792718 9.629928 1.724902 1.876816 1.341208 1

85 -72 -13
1 0 0 0 0 -1
1.534732 0.962958 1.285577 3.443067 83.443649 85.530692
1.472933 10.858303 1.761960 5.974839 1.451847 1

-99 16 -50
0 -1 0 0 0 1
0.933596 1.547123 1.181943 3.455561 25.640750 41.886452
1.480763 19.236921 1.471329 7.679164 1.078432 1

76 56 -8
-1 0 0 0 1 0
1.051747 1.150687 0.888205 3.794250 95.427008 91.019954
0.942567 5.622547 1.658328 1.708823 1.266885 1

9 -32 92
-1 0 0 0 1 0
0.870261 0.933343 0.923468 3.104440 51.414131 49.821098
1.198653 15.044430 1.471298 3.868225 1.477944 1

-41 74 93
1 0 0 0 0 -1
1.266187 0.914120 1.424006 3.953591 95.291869 11.445571
1.140189 3.116338 1.223763 7.531427 1.349619 1

-8 -83 -40
1 0 0 0 0 -1
1.514649 1.397389 1.282037 3.363452 32.155133 47.944325
1.156654 4.967392 1.211092 8.605535 1.314550 1

-67 -99 -22
-1 0 0 0 1 0
1.122049 0.831558 1.101768 3.680555 25.439603 36.637666
1.243671 11.907162 1.890748 4.423492 0.950572 1

37 36 -83
0 0 -1 1 0 0
1.085574 0.864715 0.997209 3.519321 26.452895 40.805117
1.490005 12.580826 1.745674 9.830677 0.814770 1

-77 -64 -52
0 0 -1 0 -1 0
1.477034 1.540519 1.396530 3.669983 20.439328 10.073438
1.539319 15.570611 1.649758 3.324587 0.881672 1

1 -76 56
0 -1 0 -1 0 0
1.542017 1.242334 1.030209 3.617850 87.331883 47.434091
0.976091 4.088601 1.643737 9.288266 1.540481 1

-31 90 91
0 0 1 0 -1 0
1.330431 1.300120 1.472442 3.629608 54.837489 16.539526
1.030395 15.506894 1.159591 1.983006 0.836450 1

-7 -28 49
0 1 0 0 0 1
0.945224 1.332615 0.785718 3.072559 84.752827 46.903250
1.322453 6.076372 1.956176 9.537528 1.019484 1

-7 100 20
0 0 -1 0 -1 0
1.072122 0.898194 1.152765 3.324493 43.473135 81.580090
1.411641 5.470009 1.001270 5.896281 1.070584 1

77 -13 99
0 1 0 0 0 -1
1.189325 0.992232 1.165010 3.603887 53.196116 10.873242
1.397594 10.273310 1.634529 6.121551 1.377909 1

-3 -89 -18
0 0 1 0 -1 0
1.192765 1.090061 1.107049 3.126148 48.853704 4.920203
1.090965 14.963119 1.283669 4.132234 1.540666 1

4 -26 0
0 0 1 0 -1 0
1.207689 0.957887 1.129353 3.888120 71.969271 1.686890
0.853084 14.442116 1.363632 5.230762 1.111276 1

-70 -73 6
-1 0 0 0 0 1
1.484567 1.521405 0.896070 3.339144 27.338278 38.620812
1.495152 12.164305 1.031389 5.695855 0.832675 1

83 -23 11
-1 0 0 0 0 -1
1.167925 1.264620 1.388712 3.081042 2.758641 76.684687
1.097012 8.048099 1.004373 5.097032 0.797468 1

-85 -51 -85
0 0 1 -1 0 0
0.945906 0.891996 1.409640 3.680487 96.934203 18.015814
1.335022 19.219825 1.514449 8.819140 1.326855 1

-66 -1 -36
0 -1 0 -1 0 0
1.505640 1.032687 1.342247 3.668195 6.832815 4.853996
0.921718 8.536323 1.886409 9.866322 1.322146 1

42 -53 -22
1 0 0 0 0 -1
0.982884 1.316904 0.809234 3.171135 54.215399 39.216930
1.488874 8.140354 1.530125 6.184558 1.006661 1

-41 25 14
-1 0 0 0 -1 0
1.509858 1.156116 1.024953 3.154576 98.941006 75.548944
0.805744 18.229436 1.227310 4.771194 1.549231 1

91 -57 -54
1 0 0 0 0 1
1.092438 0.871973 1.543636 3.650774 40.190095 90.765381
0.941399 7.385464 1.600852 6.131406 0.884495 1

-100 -98 -79
0 -1 0 0 0 1
1.058716 1.299956 1.064688 3.952662 83.559014 23.227436
1.219327 19.441370 1.898405 4.359784 1.103033 1

-99 32 -85
0 -1 0 0 0 1
1.505690 1.246409 1.321543 3.905828 41.152956 13.791700
1.360014 18.111166 1.480288 9.886965 1.087366 1

88 4 1
1 0 0 0 1 0
0.863222 1.073315 1.126806 3.480417 4.908881 8.665004
1.517136 3.618519 1.584729 4.437473 0.861311 1

63 31 57
0 -1 0 0 0 1
0.953090 1.031597 1.359762 3.986088 34.351940 7.569891
1.505878 14.777383 1.774425 9.689086 0.861650 1

-64 27 -77
0 1 0 -1 0 0
1.035116 1.397971 1.356601 3.147295 86.874948 82.337334
1.541324 18.900589 1.671197 6.903898 1.089873 1

61 83 7
0 1 0 -1 0 0
1.236503 0.965506 0.849877 3.095669 53.646700 24.374173
1.514665 6.312522 1.548390 3.608906 1.313560 1

80 -15 -5
1 0 0 0 0 -1
1.523543 0.858299 1.381915 3.697387 21.296639 58.736989
1.235194 11.050129 1.573080 8.610480 1.180674 1

-47 -67 60
0 -1 0 0 0 1
1.164260 1.523184 1.521716 3.136285 48.957737 87.421217
1.037370 19.454505 1.725079 4.873980 1.333107 1

-37 -31 -4
0 -1 0 0 0 -1
0.932832 1.307664 1.350669 3.439675 12.746457 58.725889
0.999591 7.060214 1.797487 5.173050 0.888589 1

82 25 -38
1 0 0 0 -1 0
1.140564 0.961131 1.382947 3.793807 71.477531 99.690337
0.987008 17.484546 1.526204 2.055997 1.375324 1

12 36 -80
1 0 0 0 0 1
1.318239 0.787173 1.558474 3.167647 70.880200 65.150420
1.130337 15.108914 1.928151 9.705294 1.189510 1

-27 -18 -26
0 0 -1 -1 0 0
0.869891 1.276893 1.107197 3.400795 8.927318 56.875989
1.096214 10.662195 1.253725 5.300019 0.857680 1

-98 88 -62
0 1 0 0 0 -1
1.063818 1.214315 1.368793 3.755160 43.018175 65.625813
1.048439 8.700346 1.353501 9.464103 1.299000 1

-55 25 -24
1 0 0 0 -1 0
0.945478 1.394699 0.794063 3.468229 24.309182 63.469070
0.922003 19.850790 1.431881 6.725437 1.129423 1

87 67 19
0 0 -1 1 0 0
0.823093 1.170265 1.021794 3.214468 27.735444 40.864016
0.986934 7.649364 1.813419 7.777085 0.807704 1

67 94 0
0 0 -1 -1 0 0
1.002873 1.471651 1.210202 3.620753 40.587657 89.863219
0.932157 14.823979 1.175891 2.722849 1.097702 1

-12 -25 -67
0 0 -1 0 -1 0
1.544730 0.904691 1.041487 3.103561 21.495679 34.849007
0.936551 17.055008 1.929956 4.793149 1.410840 1

-63 -94 -7
0 -1 0 0 0 -1
0.949576 1.475563 1.496305 3.911991 95.716568 31.984051
1.560799 5.626281 1.783116 1.932295 0.849593 1

-75 -89 33
0 0 -1 0 1 0
1.396277 1.358603 1.281536 3.131683 42.564858 91.103947
1.091897 11.427633 1.663074 8.932637 0.896548 1

92 58 4
0 -1 0 0 0 1
1.247784 1.494524 1.006950 3.861677 95.799049 92.001919
1.319308 5.084444 1.740967 9.355668 1.553689 1

-81 -25 -91
-1 0 0 0 0 -1
1.540620 1.112673 0.969782 3.751934 12.978534 98.604838
1.336449 9.777426 1.736205 6.632688 1.292856 1

-100 44 8
1 0 0 0 1 0
1.552399 1.374962 1.107649 3.894115 40.836846 53.751604
0.932033 6.418546 1.410478 1.184087 1.169459 1

80 86 46
0 -1 0 0 0 1
1.401597 1.245626 1.017777 3.780854 30.161828 22.078033
1.344844 11.116321 1.754793 4.304276 1.072734 1

-13 81 -62
1 0 0 0 1 0
1.223595 1.194078 1.260967 3.578931 36.616727 69.826820
1.108712 3.398108 1.935070 4.486491 1.216685 1

-34 0 84
0 0 -1 -1 0 0
1.358246 1.451542 1.508648 3.651582 61.664360 76.185129
1.183832 4.212117 1.978529 1.565077 1.299631 1

-7 -39 1
-1 0 0 0 0 -1
1.291252 0.877644 1.233255 3.667290 56.987526 62.571993
1.097715 8.329753 1.688481 1.760820 1.286009 1

-8 -22 -26
0 -1 0 1 0 0
0.979705 1.550149 1.155388 3.117739 51.556468 56.921117
1.496897 3.193417 1.005179 6.435295 1.390900 1

88 -53 2
0 -1 0 0 0 -1
1.148299 0.955741 1.408484 3.984622 36.780054 65.837889
1.534640 19.287715 1.077685 1.486069 0.911863 1

93 -89 58
1 0 0 0 1 0
1.412533 1.451247 1.495133 3.681631 78.608871 35.141602
1.322678 6.351569 1.545126 6.002815 0.889859 1

-64 -52 16
0 0 1 1 0 0
1.412357 1.167403 1.008161 3.600822 6.054623 16.599285
1.134607 7.153718 1.135353 8.421362 1.027124 1

-69 -42 52
0 0 1 -1 0 0
1.187840 1.362233 1.355475 3.483497 77.189294 52.073010
1.523889 12.558901 1.520943 1.515399 1.022212 1

-97 -74 -17
-1 0 0 0 1 0
0.798064 0.875688 0.836831 3.509224 55.385639 18.142359
1.446779 7.389998 1.140252 7.868639 1.395518 1

96 -79 -6
0 1 0 0 0 1
1.025907 0.851001 1.209484 3.793764 7.492011 69.913721
1.036570 12.699093 1.792230 7.898872 1.055648 1

72 -70 21
1 0 0 0 1 0
1.010465 1.126692 0.987059 3.975782 87.507677 21.322174
1.167178 9.544130 1.183004 3.159927 1.089405 1

76 3 -57
-1 0 0 0 -1 0
1.364284 1.373069 1.192599 3.551361 95.807916 37.631221
1.128799 13.737370 1.262382 3.920333 1.119162 1

63 -57 -32
-1 0 0 0 1 0
1.270650 1.454726 0.974745 3.571455 94.651529 95.530052
1.375951 4.020749 1.723014 4.805355 1.478875 1

-54 41 52
1 0 0 0 0 1
0.960491 0.880153 0.859098 3.378828 3.855933 14.481678
1.233926 11.698318 1.680985 8.810325 1.193091 1

-22 19 55
0 1 0 0 0 1
1.361539 1.332959 0.994788 3.241558 63.958123 67.771408
1.121459 3.401778 1.957800 7.727725 1.050667 1

-59 -7 52
-1 0 0 0 0 1
0.919561 1.163711 0.891464 3.420282 94.752794 3.892195
1.022445 14.909714 1.777660 4.355203 0.970386 1

-36 -35 44
1 0 0 0 0 1
1.000167 1.532628 0.792527 3.598351 97.760004 64.658601
1.381513 9.078823 1.836303 6.910310 1.233304 1

31 -23 -33
0 0 -1 0 -1 0
1.488598 1.402283 1.435443 3.487264 90.392218 43.574830
1.089802 9.858343 1.941067 8.278545 1.396171 1

-30 0 -79
1 0 0 0 -1 0
1.562804 0.961429 0.946611 3.883723 35.062606 28.886408
1.414427 15.023604 1.845707 8.797680 1.508099 1

-43 -58 -27
0 0 -1 -1 0 0
0.972356 0.788646 1.568560 3.964126 76.474562 7.331780
1.047533 16.864987 1.958609 6.390928 1.117112 1

8 45 21
-1 0 0 0 1 0
0.894906 1.248567 1.045136 3.235902 6.349461 84.042542
1.455389 16.927894 1.129764 1.514267 1.360286 1

-78 29 41
-1 0 0 0 1 0
1.441155 1.501211 0.851284 3.545968 44.148270 96.421477
1.419775 18.155781 1.298827 6.157401 1.492682 1

92 -8 2
0 0 -1 1 0 0
1.221095 0.826469 1.001637 3.110338 75.124175 11.677655
1.398359 16.654765 1.978646 7.065501 1.109209 1

6 -72 14
0 0 1 -1 0 0
1.133917 1.365897 0.916283 3.771437 34.691161 7.851270
1.052622 8.186279 1.443274 7.842159 1.278266 1

45 28 3
0 -1 0 0 0 -1
0.787151 0.909303 0.906371 3.321790 47.662414 72.896080
1.210000 18.428826 1.018406 3.887872 1.502683 1

-83 -91 50
0 -1 0 0 0 1
1.498401 1.525927 1.291947 3.624918 44.835667 97.795250
0.815100 13.880508 1.446311 3.599922 1.029090 1

27 21 44
1 0 0 0 1 0
0.940861 1.183161 1.303276 3.115444 1.835223 24.357477
1.489583 4.240863 1.967151 5.979554 0.798125 1

