10 1
-11 -76 61
-1 0 0 0 0 1
1.385817 0.890155 0.801111 3.386040 75.937012 65.767942
1.353982 11.261496 1.599526 5.329647 0.956258 1

93 -93 -35
0 -1 0 0 0 1
1.123740 0.828691 1.278274 3.895531 68.645571 43.900319
0.829219 3.268240 1.635677 1.919667 1.199211 1

-23 -77 83
0 0 1 0 -1 0
1.359140 1.276344 1.414265 3.874937 13.903714 18.279191
1.243672 7.463420 1.474155 9.371631 1.167759 1

-3 1 78
0 -1 0 1 0 0
1.065866 1.506965 1.263188 3.228773 91.375161 16.704914
1.343930 14.726900 1.303033 3.285613 1.358131 1

-96 90 60
-1 0 0 0 0 1
1.157343 1.323512 0.859536 3.517579 59.711047 99.268904
1.003130 4.913823 1.385397 2.719706 1.291274 1

97 99 1
0 -1 0 0 0 -1
1.425150 1.479906 1.150122 3.241670 72.631543 64.440581
1.364093 11.593383 1.345567 7.166190 1.381241 1

-58 77 31
0 1 0 0 0 1
1.301718 0.830204 1.431228 3.200736 3.585070 12.835787
0.811492 16.917570 1.276968 3.637443 0.935092 1

-46 6 -83
0 1 0 1 0 0
1.245790 1.036847 1.291837 3.868349 93.659105 48.808621
1.439757 11.690902 1.121651 3.802597 1.331929 1

-11 91 -12
0 0 -1 0 -1 0
1.021892 0.977976 0.793461 3.961015 9.134508 35.688835
0.875076 9.890491 1.922279 6.440668 0.821830 1

-86 -5 84
0 1 0 0 0 1
1.399600 0.963816 1.116870 3.683976 57.959786 97.987804
1.527396 18.946343 1.655071 6.409757 0.889593 1

-95 79 -12
1 0 0 0 1 0
0.939776 0.908359 0.888209 3.123699 15.408057 10.581858
1.457164 6.768354 1.712763 1.067432 1.147611 1

-45 7 -96
0 0 1 0 -1 0
1.391828 1.483532 0.925350 3.617927 80.124820 17.988765
1.127884 3.573570 1.819368 2.556195 1.306134 1

87 95 -38
0 -1 0 0 0 -1
1.495496 0.832487 1.034925 3.906562 74.358387 26.029847
0.799969 19.607554 1.907306 8.228717 1.382309 1

54 51 -47
0 0 -1 0 -1 0
0.988471 1.445805 1.434183 3.209451 61.274602 33.800217
1.146551 3.392571 1.774493 9.351254 0.869417 1

9 -30 78
0 1 0 0 0 1
1.380723 1.317514 0.869406 3.099945 93.818106 93.837978
0.855328 8.830428 1.567782 8.940758 0.910177 1

-85 -42 -79
0 1 0 0 0 1
1.130020 1.178485 0.911624 3.912732 68.134350 41.155578
0.869332 6.421076 1.112146 5.003698 1.418532 1

24 25 69
0 1 0 0 0 -1
1.070205 1.406943 1.028412 3.147580 51.476341 63.690674
1.350108 5.986831 1.185839 2.204238 1.340337 1

-39 37 -36
-1 0 0 0 -1 0
0.853478 0.832924 1.464424 3.481403 74.075904 64.640849
1.429541 16.448360 1.905110 9.935920 0.983658 1

5 11 41
0 0 1 0 -1 0
0.806029 1.479986 1.028287 3.833611 44.389062 70.489539
1.570000 4.112761 1.433836 7.605536 1.289715 1

4 -67 -58
0 1 0 1 0 0
0.839124 0.831557 0.968980 3.752671 91.178022 29.473882
1.357274 5.637727 1.681354 5.574349 1.073765 1

