2 2
43 13 32
0 0 -1 -1 0 0
1.267222 1.049924 1.120237 3.419096 37.404005 42.807948
1.418604 17.666817 1.540715 7.781351 1.331375 2

20 -92 97
0 0 1 0 -1 0
1.083898 0.803507 1.150785 3.398098 82.428313 2.082125
0.954873 13.237944 1.224731 8.369956 0.814406 1

12 27 4
0 0 1 -1 0 0
1.354303 0.865623 1.535513 3.531486 40.502495 6.970100
1.038536 13.947361 1.973868 1.086025 1.259528 1

-16 100 -99
0 -1 0 1 0 0
1.527722 0.862436 0.790656 3.582068 39.535848 26.297507
0.892308 8.763211 1.400365 2.477540 1.551206 2

