0 0 0
18 0 0
6 2 6 33
7 1 7
8 1 8
9 1 9
12 1 12
13 1 13
14 1 14
17 1 17
18 1 23
23 1 23
26 1 26
28 1 28
29 1 29
32 1 32
33 1 6
35 1 35
38 1 38
39 1 39
2 0 0
22 1 22
24 1 24
0 0 0
0 0 0
0 0 0
0 0 0
0 0 0
0 0 0
0 0 0
0 0 0
0 1 0
2 1 40
0 0 0
0 0 0
1 0 0
34 1 3
0 0 0
0 0 0
0 0 0
0 0 0
0 0 0
1 0 0
30 1 30
1 0 0
36 1 3
1 0 0
11 1 11
0 0 0
0 0 0
1 0 0
20 1 31
0 0 0
1 0 0
31 1 31
0 0 0
0 0 0
0 0 0
0 0 0
0 0 0
0 0 0
0 0 0
0 1 0
10 1 27
0 0 0
0 0 0
0 0 0
0 0 0
0 0 0
0 0 0
0 0 0
0 0 0
0 0 0
0 0 0
0 0 0
0 0 0
0 0 0
0 0 0
0 0 0
0 0 0
0 0 0
1 0 0
21 1 21
0 0 0
0 0 0
1 0 0
25 1 20
0 0 0
0 0 0
0 0 0
0 0 0
0 0 0
0 0 0
0 0 0
0 1 0
19 1 40
0 0 0
0 0 0
0 0 0
0 0 0
0 0 0
1 0 0
1 1 27
0 0 0
0 0 0
0 0 0
0 0 0
0 0 0
0 0 0
0 0 0
0 0 0
0 0 0
0 0 0
0 0 0
0 0 0
0 0 0
0 0 0
1 0 0
16 1 40
0 0 0
0 0 0
1 0 0
27 1 3
0 0 0
0 0 0
1 0 0
3 2 3 27
0 0 0
0 0 0
0 0 0
0 0 0
0 0 0
0 0 0
0 0 0
0 0 0
