0 1 0
182 1 182
9 1 0
48 1 48
89 1 89
92 1 164
96 1 96
101 1 101
114 1 162
162 1 162
194 1 68
198 1 198
83 1 154
4 2 0
84 1 191
149 1 149
167 1 167
195 1 195
34 1 38
97 1 59
4 0 0
46 1 46
137 1 34
154 1 154
184 1 13
3 2 1
93 1 134
116 1 31
172 1 60
126 1 13
164 1 3
2 27 153
2 1 0
2 1 118
155 1 86
131 1 54
4 0 0
3 1 164
45 1 173
59 1 117
76 1 146
3 1 0
33 1 136
53 1 120
165 1 165
163 1 163
5 0 0
8 1 8
49 1 146
74 1 127
170 1 97
174 1 21
4 0 0
6 1 156
106 1 86
140 1 28
168 1 168
5 1 0
4 1 150
11 1 193
108 1 23
145 1 93
166 1 57
125 1 80
4 0 0
58 1 146
68 1 68
95 1 173
120 1 54
5 0 0
31 1 188
77 1 133
111 1 73
112 1 17
141 1 141
2 0 0
160 1 47
192 1 38
5 0 0
71 1 71
105 1 61
117 1 59
122 1 122
161 1 40
3 0 0
72 1 133
102 1 3
109 1 9
4 2 0
25 1 173
26 1 190
63 1 63
158 1 39
19 1 152
181 1 136
4 0 0
78 1 78
121 1 67
148 1 18
191 1 191
3 0 0
43 1 159
86 1 156
123 1 60
1 1 0
142 1 90
54 1 120
3 0 0
107 1 75
129 1 86
146 1 76
2 2 0
64 1 132
200 1 13
134 1 134
183 1 45
0 0 0
0 1 0
29 1 174
2 1 0
22 1 22
51 1 161
150 1 4
0 0 0
1 1 0
104 1 60
124 1 40
0 1 0
20 1 130
0 0 0
3 0 0
5 1 190
41 1 146
113 1 24
0 1 0
179 1 41
1 0 0
135 1 18
3 0 0
15 1 193
40 1 52
44 1 105
1 0 0
143 1 61
2 1 0
10 1 136
21 1 188
80 1 189
0 0 0
0 2 0
66 1 159
185 1 56
0 0 0
1 0 0
173 1 25
0 0 0
2 0 0
73 1 178
196 1 52
0 0 0
1 1 0
16 1 16
144 1 42
1 0 0
91 1 52
2 0 0
151 1 9
171 1 39
1 1 0
188 1 37
147 1 61
1 1 0
176 1 176
110 1 24
0 0 0
2 0 0
65 1 156
175 1 100
0 1 0
132 1 61
0 0 0
0 0 0
0 0 0
1 0 0
197 1 197
0 0 0
2 0 0
7 1 130
85 1 156
0 0 0
1 0 0
115 1 35
0 0 0
0 0 0
0 0 0
0 1 0
62 1 156
2 0 0
35 1 136
128 1 20
1 0 0
30 1 133
0 0 0
0 0 0
0 2 0
24 1 193
133 1 24
0 0 0
1 0 0
193 1 30
0 0 0
0 0 0
0 0 0
1 0 0
69 1 139
0 0 0
0 0 0
0 0 0
0 0 0
0 0 0
0 0 0
2 0 0
50 1 133
103 1 13
0 0 0
0 0 0
0 0 0
0 0 0
0 0 0
0 0 0
1 0 0
12 1 156
1 0 0
38 1 103
0 0 0
0 0 0
0 0 0
0 0 0
0 1 0
70 1 70
0 0 0
0 0 0
1 0 0
39 1 152
0 0 0
0 0 0
0 0 0
0 0 0
