100 100
83 44 28
0 -1 0 0 0 -1
0.812077 1.076466 1.229531 4.688325 67.692409 24.765684
0.998805 5.428031 4.542427 2.817114 1.076025 31
-53 76 -91
0 0 -1 0 -1 0
1.028389 0.803419 1.027344 3.116959 47.601578 26.466474
0.997763 5.742907 4.434461 4.285377 1.065264 28
-46 -11 -79
0 -1 0 0 0 -1
1.240737 1.150287 1.177547 3.380139 65.919140 24.250224
0.864222 8.048204 1.987981 2.482369 1.244283 35
71 73 64
0 0 1 1 0 0
0.803800 0.801274 0.881437 4.023698 31.443135 23.707276
0.891061 7.332330 4.436041 3.044876 0.831115 39
19 -74 86
0 -1 0 -1 0 0
1.258181 0.863500 1.043506 3.514659 65.559033 24.789676
1.228519 5.583074 4.954345 2.792503 1.254135 1
42 25 25
0 1 0 0 0 1
0.842605 1.092344 1.157274 5.214650 17.677707 11.793471
0.836613 8.528630 3.516478 2.592369 0.897740 50
17 -13 -91
-1 0 0 0 0 -1
0.803350 1.272223 0.803367 3.001866 16.307915 12.908347
1.244000 4.793494 7.558615 2.956679 1.091146 36
14 5 -9
0 -1 0 1 0 0
1.147474 0.920881 0.796303 4.712657 22.260287 6.070050
0.868781 3.248631 1.999761 3.659002 0.822311 49
63 -90 -3
0 -1 0 0 0 -1
1.194763 0.930518 0.854049 5.278498 58.529365 10.438209
0.953439 5.662295 3.458187 2.263020 0.836466 31
14 9 -19
-1 0 0 0 -1 0
1.116561 0.919650 0.951446 3.968140 50.940911 38.962514
0.860075 6.817660 3.919999 3.059393 1.036475 30
-72 -28 76
1 0 0 0 1 0
0.907252 0.859708 1.038960 3.748522 23.198919 33.939803
0.833773 4.344507 5.568676 2.820108 1.088691 46
34 71 28
0 -1 0 0 0 1
1.246113 1.218532 1.100532 3.279382 61.765758 4.185580
0.960529 6.026021 7.230663 3.763704 1.058448 5
-13 31 92
0 1 0 1 0 0
1.118208 1.071669 1.121065 5.241629 45.510433 24.168451
0.838221 8.288578 4.399753 2.920304 1.094144 33
14 8 22
0 -1 0 0 0 -1
1.257941 1.056032 0.961806 4.641052 51.820977 35.631499
1.131930 4.828793 5.194857 1.872147 1.030690 30
-97 -9 -8
-1 0 0 0 0 -1
1.049703 0.893939 0.961119 4.728115 10.263809 5.024579
0.876965 3.612556 2.858908 3.085290 1.249621 21
-60 -64 30
0 -1 0 0 0 -1
0.883249 1.051614 1.072759 4.145915 20.129911 28.219519
0.965128 8.749210 3.720692 4.650380 1.173297 13
98 -95 22
0 1 0 -1 0 0
1.111142 1.202599 1.286634 3.014064 67.025339 20.140795
1.148821 4.189063 2.968002 2.677634 1.177068 10
-82 -80 -41
1 0 0 0 0 -1
1.172598 1.024944 0.960111 3.878936 27.760344 39.402655
0.836233 7.784996 9.444486 2.536441 1.017900 25
54 73 -52
0 1 0 0 0 -1
0.817916 0.980406 0.959371 5.038962 38.029679 38.652069
1.183973 3.884819 9.463400 2.288571 1.209892 12
54 -49 -97
0 0 -1 -1 0 0
1.285144 0.859991 1.164784 5.321959 51.585910 19.575449
0.980672 4.676312 8.486428 2.253805 0.821173 46
65 -60 -54
-1 0 0 0 0 -1
0.972345 0.944920 1.143236 4.345695 23.034078 15.973922
1.022735 5.825490 4.130863 2.106192 1.245862 28
-32 73 35
-1 0 0 0 0 1
1.017322 1.266161 0.926061 5.288788 47.474431 23.698460
1.204537 3.729498 4.286609 4.071028 1.209517 30
-37 -11 -39
0 0 1 0 1 0
1.021079 1.249813 0.966949 5.415627 29.960094 23.600960
0.984305 7.290842 3.753279 4.262336 0.812483 38
-60 -3 -9
0 -1 0 1 0 0
1.290248 1.021559 1.272449 4.575177 48.971791 32.305028
0.996163 8.042178 9.352323 1.200669 1.211679 9
-6 -98 64
0 -1 0 0 0 -1
1.187961 1.164916 1.244829 5.126170 25.278670 16.271480
0.980009 5.944876 8.585977 2.989181 1.039199 23
53 -94 68
-1 0 0 0 0 1
1.106141 1.177411 0.980618 4.676987 50.104395 38.880900
1.203959 4.363336 8.701276 3.189909 1.187994 47
94 84 -62
0 0 -1 0 1 0
1.263763 1.232529 1.087560 5.541854 57.160287 30.377968
0.881469 6.116305 4.949441 1.367833 1.150450 13
-55 31 -81
1 0 0 0 -1 0
1.061131 1.160156 0.824461 3.080022 32.412910 7.641174
1.247515 7.154400 8.740162 2.255229 0.971903 18
40 -39 -53
0 0 -1 -1 0 0
0.975659 1.059939 1.156984 5.442969 5.937032 39.712753
1.072121 3.507760 4.486235 1.195001 0.868587 24
19 -14 -16
-1 0 0 0 -1 0
0.921428 0.889356 0.903195 3.322029 8.951327 15.030044
0.858008 8.842214 3.498820 1.497701 0.959774 46
70 -30 -48
-1 0 0 0 0 1
1.120540 1.285423 1.091198 4.846705 33.587956 17.000405
1.065989 7.569923 8.809240 4.512721 0.822452 7
-59 22 -17
0 0 1 0 -1 0
1.185618 1.142966 0.965156 3.939686 34.192768 34.118741
1.225533 4.138110 5.215381 4.120478 1.098646 31
10 -3 -23
0 1 0 0 0 -1
1.190769 1.230081 0.805371 4.040634 40.933487 2.532979
1.244373 8.195794 6.668526 1.402655 1.113539 10
-97 -68 -88
0 0 1 0 -1 0
1.301562 0.924284 1.254783 4.412375 20.830650 10.058585
1.304406 7.142972 8.617187 4.258808 0.845617 17
-86 38 -88
-1 0 0 0 0 1
1.085132 1.133338 1.186549 4.228355 12.270703 34.495206
1.192608 8.697225 2.199606 3.014545 1.101878 40
33 89 13
1 0 0 0 1 0
1.022382 1.087345 1.081510 5.500506 42.288499 27.011788
0.855627 4.190974 1.943856 1.781180 0.983214 9
96 -80 -32
1 0 0 0 0 -1
1.078307 1.083731 1.073969 3.696019 34.487872 12.964883
1.070319 6.403267 6.894197 1.583887 1.296798 24
-89 -77 -97
0 1 0 1 0 0
0.868470 1.104830 1.178694 4.437644 36.711170 37.641987
1.074694 8.428127 3.816723 2.784771 1.183339 17
-19 -12 -38
0 1 0 0 0 1
1.143668 0.922382 1.124267 3.618709 39.798230 32.431149
1.263528 5.089213 2.107121 1.327556 1.016019 43
11 9 -5
0 -1 0 0 0 -1
1.227034 0.864491 0.859008 5.260228 68.626467 4.433985
1.187524 6.720852 8.773767 4.312353 0.836928 39
-44 41 94
0 -1 0 0 0 1
0.858208 1.038773 0.815303 3.719953 28.745699 28.438669
0.947486 6.997570 6.742476 3.487246 0.900610 34
10 77 -8
0 1 0 0 0 -1
1.125344 0.880471 0.817410 4.775825 22.987293 11.786365
1.208097 6.745287 9.590178 2.872991 1.145751 19
-24 -67 42
0 0 -1 -1 0 0
0.941338 1.027389 0.829829 3.760647 51.870062 3.897821
1.136677 3.807461 8.610702 3.300349 1.028621 5
74 47 -20
1 0 0 0 0 1
1.250652 1.004794 0.919548 3.189144 54.040485 25.871408
1.284905 3.493220 4.139545 3.177381 1.224554 42
31 -99 -29
0 -1 0 1 0 0
0.954672 1.011036 1.024537 4.891617 65.425397 42.537891
0.815598 5.579500 8.328408 4.100732 1.276117 24
-29 -41 -72
0 1 0 0 0 -1
1.147604 0.900328 1.088791 5.177719 12.409919 10.870408
1.035776 4.821313 2.863423 3.005339 0.878118 39
-70 67 13
0 -1 0 1 0 0
0.899239 1.220432 1.141477 4.066412 28.572132 7.853959
0.951690 7.437653 6.964988 4.721318 0.905671 16
62 45 91
0 -1 0 -1 0 0
1.103380 0.874828 0.903894 5.035643 30.670204 21.124521
1.123973 5.451030 1.541099 4.333350 1.208376 22
-11 12 38
0 0 1 0 -1 0
0.861629 0.942119 1.243588 3.764147 11.686159 19.540675
0.938263 7.424492 6.033178 2.921313 1.205064 41
98 -31 -77
-1 0 0 0 -1 0
1.022199 0.863433 1.052366 3.943383 53.123437 10.627288
1.224939 4.965000 5.391723 2.163654 1.051167 31
97 4 -73
-1 0 0 0 -1 0
1.261248 1.234278 1.034562 3.988636 41.790416 16.589985
1.074403 4.659361 4.331965 3.471865 1.270930 39
15 42 45
0 0 -1 1 0 0
1.200691 0.849935 1.273815 3.399939 39.180412 30.726419
1.150483 5.519556 6.059937 4.640402 0.866808 26
41 -8 36
-1 0 0 0 0 1
1.172711 0.960917 1.061790 3.300892 68.741582 40.727216
1.030639 3.115239 5.712913 3.545541 0.868014 40
89 -1 22
0 -1 0 0 0 1
1.227594 1.229874 1.137752 4.701956 43.204972 24.198315
1.183053 6.673792 8.707887 1.240453 0.828146 18
-89 56 -34
1 0 0 0 1 0
0.794361 1.005053 1.160944 4.619880 62.072926 10.327582
1.190699 7.852744 6.245446 3.384187 0.898599 5
-38 11 -3
1 0 0 0 0 -1
0.869354 0.923781 0.914860 5.427207 37.648037 28.495063
1.260586 8.255003 9.516125 1.630021 1.009883 40
38 -39 -21
0 1 0 0 0 -1
0.882637 1.276680 1.119399 5.323042 57.881807 34.186876
0.885390 8.101291 1.173423 2.396755 0.813683 10
-52 6 44
1 0 0 0 1 0
1.019848 1.065021 0.941640 4.132463 21.494091 21.593570
1.070913 4.664850 6.620050 1.389600 1.125444 47
-48 53 90
-1 0 0 0 -1 0
1.067499 1.027938 1.145992 4.180703 28.780130 21.167313
0.998130 7.480106 4.568359 2.903221 1.129923 29
-75 -69 64
0 1 0 0 0 -1
0.913705 1.238178 0.905797 4.086707 39.448676 42.103433
1.195829 8.384301 4.941646 4.145262 0.801882 29
1 38 6
1 0 0 0 0 1
0.847030 1.271846 0.874584 4.444246 45.208993 29.638231
0.857218 8.464021 1.578791 1.506283 0.981485 17
48 26 73
0 -1 0 0 0 -1
1.188495 1.223164 0.955580 5.434523 47.489776 20.517726
1.119978 4.197172 2.066667 1.066537 0.885404 18
77 -97 -70
0 0 -1 0 1 0
1.280501 1.211631 0.935111 4.836446 26.943054 16.768798
0.895993 3.635363 7.599763 4.320730 1.149234 38
76 1 -60
0 0 1 -1 0 0
1.166482 1.114484 1.180574 3.274924 3.759484 42.756024
0.962268 4.857539 3.528866 1.727105 0.918256 29
-11 86 28
0 1 0 0 0 -1
0.977577 1.096405 0.971364 5.517661 62.447286 13.276930
0.842417 6.319574 7.523580 1.714466 1.118284 44
-75 -20 17
0 -1 0 1 0 0
1.294989 1.178181 0.852042 3.405632 32.454033 7.867213
1.112646 5.026554 8.399688 4.466445 1.081540 29
-25 -22 -52
1 0 0 0 0 -1
0.869454 0.804523 0.823823 3.463429 50.255576 12.258340
1.121006 6.786102 6.409168 3.148137 0.985076 17
-1 -70 21
0 0 1 -1 0 0
1.185051 1.234271 0.886780 5.315521 59.690105 2.685253
1.247760 5.393098 2.317475 3.330046 0.813508 30
90 74 10
0 -1 0 0 0 1
1.103919 1.219051 1.214846 4.393349 7.339115 23.819352
0.792674 5.712295 2.562643 2.227227 0.990640 2
-83 -52 45
0 0 -1 -1 0 0
0.798505 1.167486 0.844647 3.554128 36.984784 15.166041
0.840052 3.471628 8.168562 3.371887 1.171602 21
-39 -57 79
1 0 0 0 0 1
0.976777 1.209693 1.039783 4.936797 40.422949 37.267262
0.866545 3.755595 2.082129 2.912996 0.941078 13
-95 55 -75
0 0 1 0 -1 0
1.095079 0.977074 1.162746 4.541942 31.513902 31.946114
1.099935 3.457470 2.754097 1.102172 1.217137 38
-90 -46 -14
0 -1 0 1 0 0
0.855674 0.923426 1.037791 4.756262 31.577802 13.644781
0.880936 6.298835 3.576246 1.502600 1.209415 17
-18 -89 -44
1 0 0 0 -1 0
1.070365 1.191505 1.271238 4.913895 36.749930 4.070012
1.211933 7.643732 6.688142 1.709566 0.845973 24
-20 -23 -17
0 0 -1 0 -1 0
1.294596 0.895478 1.135131 4.910751 23.388585 43.984985
0.977194 6.863287 8.519619 3.290180 1.177550 33
-7 -4 67
1 0 0 0 0 -1
0.852084 0.890710 0.842297 3.509684 16.898120 25.880962
1.067063 6.113341 9.406381 2.319835 1.287149 43
-41 46 5
0 0 -1 1 0 0
0.934095 0.954503 1.096612 3.026732 11.113253 18.435334
1.117347 4.097443 6.875265 3.462896 1.264809 36
-24 68 -27
0 1 0 -1 0 0
0.818663 1.251608 1.287458 4.667275 2.491404 10.478713
1.138206 3.295992 2.683646 1.889664 1.249755 25
-26 59 18
0 0 -1 0 -1 0
1.284721 0.818994 0.969796 4.208143 25.631824 26.954967
1.184482 5.211529 1.710712 2.560927 0.852955 22
-16 -43 -97
-1 0 0 0 1 0
1.144674 0.823452 0.934926 5.297305 10.645400 10.642354
0.999145 7.313732 5.843651 4.356606 0.963700 34
33 -55 -39
0 1 0 0 0 1
1.080539 1.020078 1.298707 5.381763 6.571607 11.313815
1.102476 3.506732 8.041611 3.397147 0.843404 1
41 59 -23
0 0 -1 1 0 0
1.131841 0.806490 0.994250 4.404752 3.760649 7.245894
1.161965 4.204239 9.340827 3.759517 0.937302 9
-38 20 88
0 0 -1 0 -1 0
1.006316 1.257944 1.047374 4.134040 24.677534 9.415194
1.121672 3.136054 2.833156 2.248976 0.881067 28
42 39 -18
0 0 -1 0 -1 0
1.217534 0.853617 0.980526 4.109921 1.317009 31.626163
0.855160 8.612824 6.705812 3.462630 1.282083 36
-18 -20 12
0 0 1 1 0 0
1.024022 1.084225 1.107975 3.018841 4.740388 25.130094
1.288331 4.579503 2.447104 1.777011 1.187707 30
24 26 51
0 1 0 -1 0 0
1.145010 0.939416 1.219730 3.107152 60.733536 30.889907
1.270129 7.476069 6.545121 3.518232 0.864758 44
-73 -100 -4
0 0 -1 -1 0 0
0.997794 0.880348 1.174700 5.315027 9.551925 12.749434
1.233491 8.346383 8.213410 3.237396 1.104138 12
92 -30 90
0 1 0 -1 0 0
1.028767 1.162211 0.885463 5.399454 59.864826 6.540372
1.173154 3.344401 5.402709 4.399998 0.988936 4
65 -52 -58
0 1 0 1 0 0
0.844343 1.279803 1.111225 5.121972 10.470490 26.457753
1.201910 7.394808 1.075100 4.571839 0.945555 8
76 -51 69
-1 0 0 0 1 0
1.270246 1.236124 1.221263 4.324466 66.129014 15.906724
0.885050 7.092810 5.873869 1.280917 1.232888 9
22 91 33
0 0 -1 0 1 0
0.920899 1.294686 1.064113 4.333979 60.720436 42.369835
1.045994 4.586390 4.432190 2.541116 1.155619 34
-66 -45 -84
0 0 1 -1 0 0
0.995797 1.226008 0.826404 3.229303 1.825589 18.569984
1.248359 5.435585 5.798004 4.667872 0.869328 37
41 -82 83
0 0 -1 0 -1 0
1.150232 1.264800 1.091516 3.674600 63.633577 4.631582
1.235358 5.803369 5.177486 2.037409 0.896580 39
57 -84 81
0 1 0 0 0 -1
1.264396 1.212044 0.786777 5.461641 67.456462 25.848088
0.878546 3.522087 5.003559 2.301457 1.062314 2
28 -98 -20
0 -1 0 1 0 0
1.088025 1.130356 1.199435 3.827539 6.878395 3.646797
0.914824 7.408866 5.369099 2.552740 1.178602 13
88 -73 53
0 0 -1 -1 0 0
1.140724 1.175014 1.141061 5.104340 28.681171 21.341792
1.097116 3.140172 4.078236 2.090368 0.907496 40
-59 60 83
0 0 -1 -1 0 0
0.809629 0.977539 0.896691 4.245560 34.490668 12.898864
1.250054 5.158576 7.362122 3.870914 0.812967 32
96 95 -16
0 -1 0 0 0 1
1.259355 0.976853 1.061899 4.538789 23.836249 7.019495
0.962382 5.242900 7.434327 1.125458 1.165255 38
-95 -65 -53
0 -1 0 1 0 0
0.802466 1.108264 0.933877 5.346764 17.878111 42.519506
1.114734 4.425846 3.331535 2.693958 0.841690 19
-62 13 6
1 0 0 0 -1 0
1.057817 0.846476 1.050301 4.383665 7.519297 32.421837
1.073627 7.806327 2.200051 1.781095 1.025810 33
54 89 31
0 0 -1 1 0 0
0.981599 0.969269 0.989749 4.665836 36.727024 3.890800
1.021008 7.237379 1.474736 3.781592 1.292932 39
-35 -63 -96
0 1 0 0 0 -1
0.836555 0.837039 1.044171 3.390992 1.937739 13.753401
0.867501 4.939730 2.671245 3.792049 0.830549 23
48 -97 90
-1 0 0 0 0 -1
0.803842 0.927012 1.126759 4.246696 58.358312 22.216244
0.878575 6.945930 6.773479 4.111501 1.233227 47
-4 14 83
0 1 0 -1 0 0
1.093032 1.147257 1.254560 5.458413 17.967333 3.732366
1.224852 7.329492 2.786938 3.516694 0.942815 28
40 47 7
0 0 -1 0 1 0
1.294969 1.283496 1.284075 4.384272 39.128519 6.574281
0.932098 5.220503 8.542467 2.179653 1.106126 50
41 61 46
-1 0 0 0 0 -1
0.816632 1.018105 0.950320 4.449891 28.744841 28.413417
1.155729 3.070048 5.246254 3.155624 1.114984 29
-15 -36 -39
0 -1 0 0 0 -1
0.992423 1.112223 0.844036 5.146327 37.600369 34.489430
1.229350 3.335951 3.686133 3.594494 0.889702 44
-62 -36 -28
0 1 0 1 0 0
1.039296 1.050548 0.854716 4.781029 59.290172 18.832532
0.914865 4.664153 9.038054 4.600236 1.197860 25
3 -98 20
0 -1 0 1 0 0
1.123868 1.280761 1.004468 4.373379 32.624432 16.129122
1.104323 3.605078 4.259791 3.471186 1.056639 46
-82 22 -22
-1 0 0 0 -1 0
1.059796 1.106140 1.193647 4.815638 66.004570 27.182044
1.098950 3.497855 1.792127 2.047773 0.859457 35
-87 -47 -37
0 0 -1 0 -1 0
0.895987 1.233734 0.971661 3.801388 24.622830 29.794471
0.975090 3.865666 4.684991 1.267778 0.787445 2
99 -62 -17
1 0 0 0 0 1
1.119901 1.115047 1.090006 3.561976 36.037439 32.558233
0.884050 5.807789 1.899591 1.894301 0.809173 11
-69 -40 -17
-1 0 0 0 0 1
1.134606 1.223473 1.131079 4.155940 31.571081 2.297472
1.188690 7.316409 3.592720 4.631375 1.042280 31
0 95 -46
0 1 0 0 0 1
1.106727 1.209128 0.899215 3.606871 67.985553 16.712985
1.085419 6.389831 1.728485 3.766607 1.014650 9
-94 70 -39
0 1 0 0 0 -1
0.996530 0.999876 0.999175 5.116272 5.205740 29.858129
0.882039 5.717849 8.081198 1.780967 0.929848 42
51 -6 -55
1 0 0 0 1 0
1.157863 1.122885 0.915225 3.237296 42.530336 3.506172
1.299997 7.291108 2.633857 2.358009 1.285599 7
-77 75 91
0 0 1 1 0 0
0.807824 1.039995 1.028409 4.039109 19.958269 9.603395
0.956631 6.725864 4.761084 4.045107 1.135761 2
-58 88 -68
0 0 -1 -1 0 0
1.051185 1.184068 0.851758 3.944973 15.238067 5.603695
1.030698 8.468839 4.299662 4.008775 0.893293 26
69 66 -75
0 0 1 0 1 0
1.282641 0.805667 1.238890 5.260371 49.267050 28.778655
0.998759 3.232178 8.790564 2.593754 1.162362 29
32 -36 26
1 0 0 0 1 0
1.132485 1.164193 1.021703 3.535488 10.594267 44.143565
1.163738 7.556092 1.571643 2.017309 0.923855 47
2 -17 -97
1 0 0 0 -1 0
1.294579 0.792637 0.843958 5.330090 2.014812 28.076952
0.786841 8.780972 6.749385 4.104559 1.293723 24
-4 18 -96
0 0 -1 0 1 0
0.930834 1.299957 0.824148 3.754098 12.579300 27.431096
0.911153 7.148280 1.058468 4.773458 1.066378 20
-100 17 35
0 0 1 -1 0 0
1.046614 0.785890 1.163542 3.179446 9.863478 22.904805
0.942034 5.795299 7.393764 1.999820 1.094989 23
94 23 -34
0 0 -1 1 0 0
0.887170 0.921006 0.917935 5.105269 9.512221 6.887365
0.901328 8.195273 5.722303 2.728934 1.103944 15
-54 20 -93
0 -1 0 1 0 0
0.823549 1.031507 0.998268 4.526567 4.299459 12.762701
1.065684 4.655684 9.033554 4.627731 1.214058 3
-20 60 91
0 -1 0 0 0 1
0.860958 1.036386 1.029240 3.167878 67.548850 16.373739
0.954042 3.605083 3.274839 2.767288 0.809423 11
-5 -55 -38
0 0 -1 0 -1 0
1.235831 0.835627 0.942492 4.614190 69.138290 34.078781
1.217895 8.776167 4.891681 1.906390 1.117389 8
35 -43 -74
-1 0 0 0 1 0
1.039972 1.205804 1.147626 3.505964 21.611375 28.705938
1.247952 4.659141 8.969954 2.313303 1.132452 21
-29 81 34
0 1 0 1 0 0
1.015864 0.859094 1.293261 5.187013 68.482839 33.502177
0.885976 4.131504 4.016018 2.372217 0.880516 9
15 -48 -42
0 0 -1 -1 0 0
1.224663 0.887319 0.853970 4.677106 60.123405 29.555442
0.793075 8.281441 3.479264 3.280144 0.991298 13
84 -18 24
0 -1 0 -1 0 0
1.127987 1.079870 1.232870 3.983789 53.483191 20.883250
0.847214 7.732352 5.413729 1.360351 1.159238 30
79 36 -27
0 0 -1 1 0 0
0.944839 0.993002 1.151284 4.018848 50.338491 40.910457
1.065866 5.355635 5.882438 2.733622 1.270750 38
-45 91 -37
-1 0 0 0 -1 0
1.067430 0.928232 1.274785 3.784291 53.076512 40.580182
0.808492 8.613873 5.043873 4.484231 1.035439 23
45 -88 54
0 1 0 0 0 1
0.922685 0.814003 1.256907 4.849239 5.764432 29.340053
0.963246 4.747635 6.579563 2.295758 1.289368 9
-67 -93 -95
0 -1 0 1 0 0
0.840688 0.818160 0.922112 3.034620 58.614143 13.478543
1.131350 6.092255 5.953775 2.949129 0.833249 27
12 30 -59
0 0 1 -1 0 0
0.978231 1.287987 1.115248 5.135100 26.103935 26.073492
0.884663 7.899250 3.964278 4.505591 0.876403 5
-97 -66 -69
-1 0 0 0 -1 0
0.910300 1.199725 0.978048 3.455468 46.696399 21.591483
0.802925 4.244234 4.193887 1.453408 1.083822 9
8 -36 19
-1 0 0 0 1 0
1.027184 1.086943 1.138509 3.734543 28.806756 6.919098
1.236066 6.073734 5.273652 2.769972 1.207624 1
64 21 79
0 0 1 0 1 0
1.095949 1.114366 1.278826 4.701189 58.309989 42.307121
0.902356 6.597085 2.294009 1.463091 1.274612 41
-25 30 -55
-1 0 0 0 0 1
1.233533 0.886260 0.971652 3.793396 55.279997 14.741847
1.199485 6.221549 9.077037 2.057912 0.821938 8
65 20 -73
0 -1 0 1 0 0
0.908549 1.171884 0.878204 4.539491 47.417306 12.775932
0.874116 3.509449 2.588805 4.491856 1.304070 9
18 -29 81
1 0 0 0 -1 0
0.912056 1.002281 0.800150 3.871050 57.196478 24.610487
0.965510 3.048669 4.165092 1.675718 1.249640 47
3 31 -69
1 0 0 0 0 -1
0.793649 1.093669 0.949197 4.638359 24.256838 2.448412
1.146764 7.949791 4.988649 1.093637 1.084181 18
70 97 -75
0 1 0 -1 0 0
1.019756 0.952337 1.019249 4.386753 48.522980 26.463204
0.991186 3.012289 8.301579 1.536795 1.283299 45
-9 -84 82
0 0 1 1 0 0
0.970266 1.045130 0.822151 5.456988 42.410138 43.709777
1.206814 3.651679 4.219119 4.719000 0.811556 40
3 11 82
0 0 -1 1 0 0
0.809568 1.240761 0.860123 4.168670 29.073897 41.752330
1.244073 6.264878 1.925718 3.642003 1.024259 41
40 53 -67
1 0 0 0 0 1
1.125595 1.190866 0.832240 3.675988 5.933625 12.729132
0.912306 5.538936 5.182671 4.543821 1.158456 25
-47 -88 -79
0 -1 0 1 0 0
1.265141 0.995311 1.282976 3.850287 27.988879 41.234238
1.295581 5.948330 2.158766 2.176981 0.907443 12
99 40 95
-1 0 0 0 0 -1
0.853107 1.253709 1.101977 4.801541 35.000081 12.326695
0.823421 3.411281 8.886902 4.358558 1.040538 31
70 45 86
1 0 0 0 -1 0
0.948402 1.169212 1.034801 5.369170 39.309645 21.632738
0.810218 4.874271 7.717655 4.275493 0.922842 36
82 -31 69
0 0 -1 -1 0 0
0.806336 1.292921 1.125446 3.722997 31.986382 19.392992
1.185896 3.101144 5.280152 2.207831 1.142873 29
18 96 -58
0 0 1 -1 0 0
0.937599 1.108923 0.991561 4.921269 60.064087 36.255988
0.867489 8.859972 3.917257 1.348149 1.014781 17
85 98 -81
1 0 0 0 -1 0
1.220030 0.953259 1.042446 3.855542 27.795629 8.167435
1.237869 5.614499 4.246333 1.940199 1.020276 18
-42 29 81
1 0 0 0 1 0
0.893382 1.243226 0.825829 3.375916 13.425206 10.159363
1.214282 5.004123 2.389030 3.180600 0.967486 7
24 40 45
0 0 1 1 0 0
1.289038 1.231171 1.121140 4.664072 6.827146 28.415113
0.924326 3.337159 5.413407 3.425661 1.282667 13
40 19 48
0 0 -1 0 1 0
1.210646 1.139704 0.819376 5.471946 65.034613 35.517259
1.097238 8.549331 6.772768 2.063985 0.869638 33
-77 -73 68
0 -1 0 -1 0 0
1.016915 0.891546 1.239702 5.297028 1.218156 11.714189
0.880242 6.590004 6.339032 2.589907 1.186559 6
-36 16 -53
1 0 0 0 -1 0
0.787947 1.238905 0.851897 3.781933 56.853741 5.302552
1.098702 5.200713 1.919385 3.686507 1.274618 10
37 -76 15
-1 0 0 0 1 0
1.201930 0.847293 0.909662 5.057856 27.090738 32.144265
0.787667 7.300774 3.529838 3.576010 1.170924 21
-66 14 -40
0 0 1 1 0 0
1.056926 1.249512 1.257456 3.256468 24.303796 8.720161
0.822450 4.987363 6.412764 2.290086 0.932820 27
60 2 -1
0 0 -1 0 1 0
1.191060 1.002139 1.219771 3.754844 12.479476 34.541761
1.084796 7.433367 7.865462 2.021178 1.071604 43
-1 98 -53
0 0 1 0 1 0
1.131249 1.140814 1.194384 3.130648 41.727987 14.630334
0.937043 3.778916 1.410168 4.178008 1.059125 37
-64 44 21
1 0 0 0 0 1
0.788499 1.014184 0.981587 5.111412 42.781094 24.846395
0.796459 3.986159 3.764943 4.400826 0.799043 27
-72 -49 -80
0 1 0 1 0 0
1.300553 1.112748 0.934215 3.532098 42.892648 12.036693
1.300479 8.154601 1.547617 3.704114 1.095758 18
-73 100 -99
0 -1 0 0 0 -1
0.863464 1.040986 0.892147 3.575100 47.021596 8.115987
1.068525 5.660743 1.501597 2.665689 1.040437 50
28 -7 -25
1 0 0 0 1 0
0.820888 0.817011 0.895687 3.167214 47.284074 20.040146
1.085027 5.399321 5.717217 2.147341 1.113845 11
83 8 50
0 1 0 1 0 0
1.019299 1.062513 0.849417 4.456412 14.607481 21.945144
0.881473 3.184478 2.409127 4.118554 1.039208 10
92 -76 77
0 0 1 0 -1 0
0.878740 1.139327 1.046001 3.860211 21.769903 32.376927
1.131414 4.457564 1.049592 2.310787 0.884411 4
5 -85 -4
0 0 1 0 1 0
1.253537 0.789929 0.827695 4.081031 5.071385 33.613949
0.836498 7.277307 5.380434 1.339925 0.864302 21
-62 61 64
0 0 -1 0 -1 0
1.251069 0.915631 1.202917 3.126820 4.363065 30.233720
0.922648 3.342618 6.960295 3.243443 0.967756 19
-13 94 -61
0 1 0 0 0 1
1.304323 0.789226 0.904974 4.117391 32.531908 5.478012
1.198367 6.517633 3.700155 4.132589 1.080789 25
-64 -36 54
-1 0 0 0 -1 0
0.981097 0.790260 0.822014 3.185567 27.866097 36.330595
0.881966 5.392959 9.049885 2.705568 0.896513 21
19 -70 -34
0 -1 0 0 0 -1
1.229393 1.041463 1.054507 5.134639 40.670094 41.662677
1.077894 7.942398 9.015986 4.280672 0.848655 14
25 -50 -27
0 0 -1 1 0 0
1.122848 0.979220 0.817471 3.341661 13.955064 21.370284
1.251743 6.615825 1.907430 1.096473 1.092426 26
100 87 27
0 -1 0 0 0 -1
1.102137 0.922996 0.812939 5.229023 67.180389 21.174281
1.031702 3.937031 7.248296 2.997811 0.893530 31
12 -54 98
-1 0 0 0 0 1
0.938221 0.862506 0.851097 5.023662 22.676826 7.162491
0.841952 3.234346 8.966692 4.544185 1.200321 21
-76 23 99
-1 0 0 0 0 1
0.879572 1.080813 1.131923 5.548592 1.384589 4.671195
0.830527 7.387352 3.705747 3.150922 0.888775 28
-77 -97 86
0 0 1 0 -1 0
0.958250 0.790449 1.303148 4.482734 19.507934 7.595131
1.264252 5.484905 4.573449 4.526577 1.039447 44
-85 -52 98
-1 0 0 0 -1 0
1.036233 0.912369 0.851063 3.588405 11.847632 10.527350
1.237091 8.478242 2.208048 1.095773 1.178810 11
11 57 -89
0 1 0 1 0 0
1.098191 1.208133 0.792786 3.565353 41.460320 25.333609
1.263651 5.930310 4.719743 3.225530 1.259186 24
35 12 -20
0 0 -1 -1 0 0
1.105938 1.091640 0.904271 4.545635 15.229339 5.113817
0.824329 4.359143 6.128670 3.501116 1.240436 50
-37 -29 96
0 1 0 1 0 0
0.873465 0.967048 1.014343 3.719750 30.380924 3.318704
0.910478 3.741834 8.915999 4.287001 0.987478 50
38 -66 -16
0 0 -1 0 -1 0
0.794132 1.073609 0.859306 5.050353 37.135371 26.770384
1.139583 5.994270 2.432868 3.564222 1.009653 7
-16 40 64
0 0 1 1 0 0
1.210960 1.103168 0.810191 3.423779 51.241161 26.903880
0.861381 5.539719 8.975159 2.510781 0.840249 12
31 6 24
1 0 0 0 1 0
0.992501 0.872719 0.866833 5.002334 4.536799 1.781018
1.014795 5.449192 2.402807 1.730677 1.219296 30
-48 39 20
0 -1 0 0 0 1
1.108637 1.248352 0.957214 5.495495 10.029231 43.504176
1.238442 4.411216 7.713289 2.734930 0.850847 36
-29 73 -57
0 0 -1 -1 0 0
0.921009 1.098084 1.241427 5.335354 35.276376 23.382048
1.267784 3.019426 8.732009 4.608838 1.132511 31
69 -14 -68
0 -1 0 0 0 -1
0.818042 0.862667 1.263185 5.522861 55.975169 25.810536
1.124133 6.663424 2.556726 4.127094 0.837498 21
14 -84 -86
-1 0 0 0 0 1
0.987785 0.893252 0.903515 3.748556 41.458454 21.955912
1.077951 6.432254 2.704528 2.355430 1.261022 36
63 -84 89
0 -1 0 -1 0 0
1.199483 1.215177 0.952137 5.507903 34.305044 24.522862
1.093360 5.699034 2.623618 2.715934 1.239544 47
54 35 -17
0 0 -1 0 -1 0
0.859858 1.020583 0.964278 5.448606 28.818830 31.142004
1.117318 5.870687 7.378762 4.711769 1.136221 37
-85 -37 -34
0 0 -1 -1 0 0
0.963736 1.216558 1.102014 3.248525 6.360265 29.141053
1.169211 7.325703 8.431158 1.035044 0.831029 29
-50 -53 99
0 0 1 -1 0 0
0.806167 1.260737 1.117501 4.758584 64.963560 33.419917
1.105602 8.089364 3.292273 2.011472 1.124866 49
-2 -81 26
0 1 0 -1 0 0
0.846748 0.802565 1.282623 4.526907 68.108523 43.840464
1.051686 4.525607 2.131528 1.723649 0.859950 47
53 30 -70
-1 0 0 0 0 1
0.983967 1.202059 1.184812 5.512146 2.976752 41.486772
0.816614 3.526658 2.474429 3.547962 0.909563 30
-2 96 -93
0 0 -1 0 -1 0
1.145260 1.236355 0.894431 4.228283 27.656035 41.537794
1.001168 3.635760 4.067983 3.578403 1.299682 14
6 -67 -71
0 -1 0 0 0 1
1.023763 1.200472 1.200035 3.783480 38.133520 23.406505
1.286065 4.465711 1.128372 3.255048 1.162964 26
-27 -77 78
0 -1 0 0 0 -1
0.903139 1.243220 0.921813 3.037652 32.329533 23.086373
1.191917 4.836306 1.912855 4.467918 1.281871 9
-32 -6 -76
0 -1 0 0 0 -1
1.154089 0.907138 1.275061 3.172762 1.983101 20.536374
1.029786 3.393620 2.641727 4.721086 0.804456 36
-49 65 49
0 -1 0 0 0 -1
0.982662 1.234472 0.913736 3.413892 8.090944 42.365512
0.952991 3.974448 9.567183 3.236028 0.896192 32
