0 4 0
7 1 7
59 1 59
154 1 154
179 1 179
2 0 0
158 1 158
178 1 91
1 1 0
86 1 113
81 1 123
0 0 0
2 0 0
5 1 177
177 1 5
1 0 0
125 1 125
0 1 0
36 1 194
0 0 0
0 0 0
1 1 0
116 1 1
164 1 17
0 0 0
1 0 0
18 1 18
0 0 0
3 0 0
72 1 102
102 1 72
144 1 90
0 0 0
0 1 0
172 1 32
0 0 0
0 0 0
0 0 0
0 0 0
0 0 0
0 0 0
0 0 0
0 0 0
0 0 0
1 0 0
63 1 63
0 0 0
0 0 0
0 0 0
0 0 0
0 0 0
0 0 0
0 0 0
0 1 0
110 1 110
0 0 0
0 0 0
0 0 0
1 0 0
119 1 119
0 0 0
1 0 0
133 1 97
0 0 0
0 0 0
0 0 0
0 0 0
0 0 0
1 1 0
193 1 94
55 1 55
0 0 0
0 0 0
1 1 0
40 1 135
109 1 109
0 0 0
1 0 0
141 1 32
0 0 0
1 0 0
186 1 74
0 0 0
0 0 0
0 0 0
0 0 0
0 0 0
0 0 0
0 0 0
0 0 0
0 0 0
0 0 0
0 0 0
0 0 0
0 0 0
0 0 0
0 1 0
42 1 131
1 0 0
166 1 92
0 0 0
0 0 0
0 0 0
0 0 0
1 0 0
146 1 146
0 0 0
0 0 0
0 0 0
0 0 0
0 1 0
48 1 48
0 0 0
0 1 0
127 1 44
0 0 0
0 0 0
0 0 0
1 0 0
9 1 149
0 0 0
1 0 0
118 1 84
0 0 0
0 0 0
0 0 0
1 0 0
187 1 14
0 0 0
0 1 0
47 1 47
0 0 0
0 1 0
195 1 195
1 0 0
16 1 191
2 0 0
69 1 157
83 1 135
0 1 0
168 1 168
0 0 0
0 0 0
