100 100
-6 29 -24
0 0 -1 0 1 0
0.913540 0.812605 1.008233 3.596490 2.557235 12.403994
0.941471 7.520982 1.261768 2.217744 0.821038 9
8 96 -47
-1 0 0 0 0 1
1.056786 0.824717 0.794224 3.410748 5.933659 17.074497
0.851572 6.125679 1.385268 2.146772 1.007128 11
-14 20 -87
-1 0 0 0 -1 0
0.809442 1.018604 0.892789 4.037488 1.049592 16.831733
0.988493 3.647402 2.261592 1.440475 1.025087 9
63 65 -57
1 0 0 0 0 -1
1.042136 0.878578 1.019073 3.273655 10.192318 1.565378
1.007888 5.431967 4.998866 2.122980 0.789319 12
21 -79 -23
0 0 1 0 1 0
0.806863 0.820652 0.994610 3.013805 3.389978 8.578748
0.865937 8.552364 1.538924 1.880366 1.029952 10
64 86 93
0 0 1 -1 0 0
1.003651 0.937555 1.079791 3.807755 4.065455 4.782667
0.831336 6.886696 3.151764 2.544591 0.874519 12
47 -56 -96
0 1 0 -1 0 0
0.994024 0.905482 0.905545 3.606348 5.133797 15.564717
0.829137 3.971379 7.008136 2.928965 0.793393 12
-78 72 -62
0 1 0 1 0 0
1.025840 0.983043 1.083786 3.294915 12.924679 13.096004
0.801249 8.074253 3.908431 1.031326 0.804798 12
70 -72 -5
-1 0 0 0 0 1
0.825916 0.870130 1.010883 3.542999 7.397075 8.749905
0.916897 6.201564 1.595223 1.572138 0.838253 2
94 -50 74
1 0 0 0 -1 0
1.029659 1.066367 0.815329 4.072503 8.738083 10.826498
1.013799 7.214057 1.824811 2.718469 1.043254 11
-94 70 95
1 0 0 0 -1 0
1.017373 0.910122 0.838310 3.861320 13.402255 7.965478
0.865650 4.947568 4.699683 1.248432 0.861155 4
63 -38 -82
-1 0 0 0 -1 0
0.891646 1.043180 0.878135 3.398700 9.323179 3.046987
0.877768 5.989199 1.022401 2.406991 1.048267 3
97 -71 69
0 0 1 0 1 0
1.027578 1.038151 0.854771 3.619959 4.034329 4.527354
0.988736 5.676899 2.536927 2.852570 0.818384 5
-22 -12 -90
-1 0 0 0 -1 0
0.858696 0.993874 0.861543 3.102747 7.454943 6.771402
1.025697 7.179923 6.753382 1.719050 0.887340 11
-79 8 -1
0 1 0 0 0 1
0.930440 1.002662 0.920428 4.150839 2.976759 15.095347
0.790969 8.669383 2.518338 1.033340 0.836202 1
-15 -56 89
0 -1 0 0 0 -1
0.933224 0.912807 0.982580 3.199209 3.495877 10.619451
0.818615 6.133115 4.728503 2.071458 0.982009 1
35 -81 -84
0 1 0 -1 0 0
0.819394 0.869744 0.920971 4.185383 8.116666 15.381134
0.989066 5.906006 6.058366 1.696424 0.804137 4
83 -81 23
0 -1 0 0 0 1
1.081235 0.845548 0.951854 3.315728 5.229239 15.098119
0.861769 3.401941 9.235945 2.686727 1.024652 8
3 -50 -37
-1 0 0 0 0 1
0.997874 0.928751 1.071125 3.725194 11.792003 2.103143
0.881631 7.083263 3.117233 2.392124 1.013356 6
-99 -39 -2
-1 0 0 0 1 0
0.813345 1.037275 1.083137 4.228130 2.954258 14.443683
0.805259 6.738725 7.866214 1.827564 1.071977 8
66 45 83
0 -1 0 1 0 0
0.862843 0.928079 0.844855 3.403177 8.529459 16.192983
0.907426 8.824400 5.013291 2.002429 0.828753 9
60 44 37
0 -1 0 0 0 -1
0.924553 0.809294 0.905400 3.599523 11.186963 7.039876
0.922732 8.588439 5.922308 2.874701 0.841355 8
68 -20 69
0 0 1 -1 0 0
0.902085 1.017716 0.883970 3.466331 6.355252 3.236722
0.806292 3.334224 2.021061 1.889123 0.963057 7
-70 -67 -9
0 1 0 -1 0 0
1.030080 0.817617 0.976711 4.178414 11.855800 3.624138
1.035676 4.043765 5.864064 1.010901 0.904172 2
-72 -20 -7
1 0 0 0 0 -1
1.028663 0.961395 0.941467 3.714166 1.398052 13.968038
1.015598 7.391331 2.209741 1.355933 0.999669 8
-92 -23 63
-1 0 0 0 0 1
0.799829 0.971632 0.802541 3.273258 4.207554 14.531427
0.829753 5.699672 8.808942 1.478096 0.846068 6
-17 -23 -84
0 -1 0 -1 0 0
0.947547 0.932901 1.004957 3.718392 1.500385 10.962427
1.017010 5.336321 5.806617 2.037850 0.844153 2
-32 -5 -94
1 0 0 0 1 0
0.834872 0.952114 0.786782 3.182275 10.981088 8.965281
0.846829 7.316475 1.949927 1.808539 1.033222 6
78 -28 -68
0 1 0 -1 0 0
1.044405 1.034708 0.995196 3.383012 12.365325 3.649852
0.927092 8.511017 8.786432 1.360895 0.955315 12
-83 -24 69
0 0 -1 1 0 0
0.979565 0.849798 0.820900 3.989690 4.287556 4.335801
1.018018 4.383603 5.941943 1.374951 0.935409 5
-95 -87 -65
0 0 -1 0 -1 0
1.064795 1.010347 0.886265 4.301099 9.371459 10.339719
0.848407 6.364156 9.206075 2.122916 0.881709 4
30 51 49
0 0 1 -1 0 0
0.974660 0.912988 0.886792 3.760146 11.328446 5.147316
0.932693 8.297847 6.874779 1.262171 0.838487 11
94 68 -51
-1 0 0 0 0 -1
1.054601 0.793791 0.845521 3.317617 3.265565 13.354614
0.841816 7.460014 2.368681 2.126975 0.971371 12
17 -20 16
1 0 0 0 0 1
0.927857 0.922670 0.928735 3.750455 6.364724 6.368111
0.935551 8.187870 1.818129 1.291832 0.855693 5
8 -70 -94
1 0 0 0 1 0
0.812719 0.962487 0.824698 4.200509 3.870387 1.827201
0.981104 3.383770 5.182622 1.499814 1.045741 11
-95 18 66
1 0 0 0 0 -1
0.959996 1.047923 0.855925 3.994079 12.195122 6.212051
0.968532 8.875985 9.511746 1.757068 0.805717 3
19 15 49
1 0 0 0 0 -1
0.823650 0.985873 0.949878 3.699321 1.476748 12.659651
1.008179 3.548474 8.079498 1.752829 0.860489 6
95 3 94
0 -1 0 -1 0 0
1.082082 0.861687 0.905404 3.036619 10.053079 11.424714
0.919048 6.350250 3.626670 1.558628 1.062927 6
-23 -50 -77
0 0 -1 0 1 0
0.794189 1.067509 0.965227 3.359475 2.598493 11.242182
0.843972 8.602073 4.547567 2.667271 1.013618 11
89 23 -68
0 0 1 0 1 0
0.813549 1.050879 1.011449 3.313317 12.414500 12.839301
0.831954 7.966562 9.127916 2.191134 1.017130 12
32 28 94
0 0 -1 0 -1 0
1.013374 0.826556 1.013650 4.033889 7.400153 10.765537
1.020158 7.619773 7.560408 1.925245 1.000582 5
37 4 16
0 0 -1 0 1 0
0.852568 0.936425 1.043854 3.894944 6.860693 9.645377
1.010274 4.776467 5.152838 1.717077 0.812480 12
3 52 -18
0 0 -1 -1 0 0
0.962763 0.868839 1.033735 3.502676 4.154426 14.687980
0.803055 7.749357 1.095160 1.269439 1.074813 8
-71 46 -8
0 1 0 0 0 -1
0.849300 0.894195 0.806982 3.926492 8.542623 13.439143
0.921127 6.669026 7.447986 2.649186 0.788243 9
87 51 8
0 1 0 0 0 -1
1.045577 1.050511 1.010177 4.291944 1.033433 14.418646
0.930487 4.028133 2.386278 1.799071 0.870281 2
-17 21 88
0 0 -1 0 1 0
0.830791 0.992455 1.069726 3.930959 2.270115 8.306929
0.910511 8.077016 4.776638 1.845389 0.922368 9
49 -94 -23
-1 0 0 0 0 1
0.797405 0.961195 0.808980 4.157467 3.760512 11.220585
0.925357 5.230962 1.552441 1.006978 0.840052 3
93 94 16
0 0 1 0 1 0
0.836156 0.942314 0.991347 3.245002 9.059122 13.671884
0.832964 4.129679 8.826456 2.786909 1.005343 1
40 -6 -62
0 1 0 1 0 0
1.014508 1.086010 0.787265 3.989622 2.240396 15.745945
1.036355 7.143916 1.176133 2.598453 0.948190 11
-71 28 6
0 -1 0 -1 0 0
1.043917 0.852383 0.841278 4.167530 6.172257 11.134931
0.903312 3.528371 6.048339 1.604933 1.072214 4
-91 -27 80
1 0 0 0 0 -1
0.841342 0.794339 0.955423 3.687697 3.090368 1.197664
0.986681 3.238624 3.634684 2.875618 0.830349 4
-60 -58 92
0 1 0 0 0 -1
0.807901 0.930270 0.840565 3.476515 3.535950 3.710711
1.073385 5.644508 3.302629 1.426178 0.895475 2
21 48 46
0 0 1 1 0 0
0.918295 0.931012 1.063298 3.712902 11.339544 7.730281
0.881957 3.869411 6.359011 2.606106 0.881451 1
-77 16 -67
0 0 1 0 -1 0
0.959614 1.033665 1.054542 4.167546 10.234163 6.538146
0.816648 8.169638 2.357636 1.077333 0.928925 10
-4 -24 -14
0 0 -1 0 -1 0
0.836808 1.040116 0.839538 3.302014 7.326846 4.457458
0.917607 4.320760 1.864802 2.732088 0.799931 8
21 53 -19
1 0 0 0 -1 0
0.891521 0.850551 0.926344 3.004136 11.214141 3.139497
1.085336 5.475974 6.699438 1.848306 1.085226 7
59 33 82
0 1 0 -1 0 0
0.895405 0.860931 0.979069 3.089070 10.955751 5.315728
0.933159 7.686504 6.937658 2.406512 0.845765 2
-56 40 13
0 0 1 0 -1 0
1.002092 0.980635 0.847151 3.334845 13.340833 16.647756
0.956618 5.864962 5.723248 2.397449 0.860879 5
98 -56 -93
0 0 1 1 0 0
0.898055 0.913107 0.823236 3.452559 7.421044 7.614880
0.872961 3.978542 6.307649 2.475188 1.047487 4
42 92 -51
0 -1 0 -1 0 0
0.842542 1.085150 0.984997 4.091001 1.590623 2.492742
1.016658 3.317205 5.215850 1.804591 0.843168 12
9 94 -82
1 0 0 0 0 -1
0.988100 0.925028 1.051459 3.662192 12.204280 11.068886
1.055617 6.862789 9.336480 1.621645 1.070208 2
4 -60 -28
0 0 1 0 -1 0
0.802308 0.959731 0.974981 3.499236 10.863050 7.546722
1.065002 8.644160 8.180557 1.995348 0.926629 1
-93 53 65
0 -1 0 0 0 1
1.060562 0.842215 0.876848 3.580414 2.725766 3.360562
1.081400 4.209058 1.781596 2.630935 1.049952 10
48 75 78
1 0 0 0 1 0
1.024880 0.957359 1.007372 3.594203 12.555979 11.535931
0.871416 5.749839 8.763736 2.474844 0.968097 9
-3 -13 -84
0 0 1 1 0 0
0.903096 0.980604 1.023035 3.614505 1.186542 11.250107
0.883188 4.455411 7.805011 1.885654 0.840972 9
30 94 -1
0 -1 0 0 0 -1
0.835050 0.962065 1.002219 4.107083 7.771955 1.447164
0.919510 7.007268 6.546549 1.302478 0.790250 4
-18 -83 -25
1 0 0 0 0 1
1.030848 0.866907 1.072698 3.076624 6.772877 11.414112
1.046226 8.529613 2.863648 2.129557 1.040570 3
-50 86 -61
0 0 1 0 -1 0
0.855830 1.031560 0.792715 3.327895 1.603088 1.100912
1.067816 4.605748 3.869121 2.961352 0.876673 5
-37 -49 66
1 0 0 0 1 0
0.911495 0.897912 0.882448 3.096458 3.770762 9.826000
1.079402 8.965773 4.626565 2.456468 0.894890 11
96 85 -68
1 0 0 0 0 1
0.842868 1.085608 0.979864 4.218540 3.663618 5.810933
0.841160 8.962242 4.650767 2.453428 0.925388 6
20 -29 -78
0 -1 0 0 0 -1
1.071250 0.846450 1.032524 3.715305 12.717498 9.075562
0.944052 8.624450 8.756250 2.073529 0.923113 7
-86 19 44
-1 0 0 0 0 -1
1.081416 0.899964 0.833978 3.782122 11.118785 1.923747
0.961035 8.750602 7.684442 1.162109 0.851984 9
-94 45 -79
1 0 0 0 0 1
1.058707 0.912253 0.805595 3.181229 8.818026 9.335294
0.907232 4.799676 3.312289 1.458362 0.814098 4
-7 -81 71
0 0 -1 -1 0 0
0.957533 1.006241 1.031946 4.122361 5.085921 13.397646
1.085107 6.375454 4.165274 1.666653 1.010373 1
-22 52 93
0 -1 0 -1 0 0
0.795362 0.900455 0.969936 3.150759 13.156111 10.730529
0.919772 5.067149 8.217430 1.721449 1.030068 1
-75 0 -27
0 1 0 1 0 0
0.817041 0.856008 0.828471 3.945874 3.033228 7.506971
0.803588 5.143326 5.012469 2.011553 0.854244 3
-100 18 -77
-1 0 0 0 -1 0
0.896573 0.943375 0.863719 4.155541 4.198377 6.681252
0.976861 7.772980 8.780586 2.596582 0.807589 5
-68 -81 64
0 1 0 -1 0 0
0.854473 0.954866 1.052480 3.153871 9.875729 9.624631
0.858205 5.827909 2.874864 1.215110 1.021555 11
-5 -43 53
1 0 0 0 0 -1
0.814672 0.815619 1.087048 4.235389 2.191990 4.399624
1.043624 8.631672 1.974133 1.004170 0.804377 9
-93 -64 -44
0 -1 0 1 0 0
0.933075 0.927525 1.066914 3.369984 2.366553 9.529243
0.865095 5.985722 2.673070 1.682129 0.805796 2
60 -81 16
0 0 1 -1 0 0
1.085269 1.077611 0.814164 3.307623 4.234510 7.516129
1.063996 4.026627 6.587395 2.314651 0.993141 6
-13 80 -12
1 0 0 0 0 -1
0.865227 0.840015 0.788128 4.041089 1.755055 11.022422
0.896185 3.593848 3.906575 1.955383 0.846993 3
-12 46 74
1 0 0 0 -1 0
0.877146 1.065925 1.056867 3.008986 2.170267 4.606319
0.806834 6.652096 1.726092 2.896933 1.075821 12
38 2 24
0 1 0 -1 0 0
0.982596 0.830092 0.863752 4.116115 5.789551 9.556012
0.989621 8.787774 4.503564 2.832815 0.866860 4
79 78 100
0 0 -1 0 -1 0
0.812920 0.924103 1.047475 3.808821 4.832915 16.415702
0.819355 4.883198 3.508076 1.413493 0.865915 5
72 84 53
0 1 0 1 0 0
1.050464 0.866690 0.846128 3.525781 2.076194 14.073471
1.070249 5.748711 4.056795 1.646303 0.822500 6
11 -92 -82
0 0 1 0 -1 0
0.972045 0.977779 1.042066 3.805885 7.627768 14.574206
0.866363 8.684997 4.780392 2.322547 1.011573 1
-97 83 -35
0 -1 0 -1 0 0
0.954343 1.070879 0.866361 3.039350 4.785742 12.989126
0.792165 8.757668 6.673249 2.719100 0.920969 1
26 -85 35
0 1 0 0 0 -1
0.915088 1.072966 0.793467 3.605717 3.029582 14.535201
1.068854 3.906453 1.860028 2.158601 0.819966 9
-73 -71 -75
0 -1 0 1 0 0
0.968520 1.048774 0.852214 3.232349 4.571523 13.273143
1.031513 6.186743 7.400485 2.552212 0.806267 4
11 -7 -77
1 0 0 0 1 0
0.876479 0.938069 0.816690 3.760270 5.408343 5.233656
0.949938 8.044218 6.486406 2.045825 0.845494 11
82 -68 45
-1 0 0 0 0 -1
1.029002 1.078925 0.902802 4.315794 8.595229 2.786748
1.045483 5.742155 5.939373 1.173917 1.001400 7
-84 74 -76
-1 0 0 0 1 0
0.899373 0.828455 0.997943 3.902012 5.225972 1.631194
0.889645 8.296693 3.767205 1.073932 0.786795 8
-56 38 -55
-1 0 0 0 -1 0
0.860224 1.025844 1.080823 4.115476 12.229173 15.855375
0.954694 7.267356 7.220851 1.999607 1.076417 12
53 95 -22
0 -1 0 -1 0 0
0.976097 0.794848 1.054245 3.380580 1.900394 8.414905
0.968982 3.484577 5.560274 1.157686 0.885694 6
19 -75 12
1 0 0 0 0 1
1.070322 0.913047 1.052023 3.676397 2.455000 11.309454
0.896686 4.577172 8.976116 2.969345 0.809021 12
-35 41 -98
-1 0 0 0 1 0
1.086950 1.024003 1.078642 3.551394 13.374024 10.122487
0.932795 6.379511 4.398707 2.352614 0.961163 8
81 -4 5
-1 0 0 0 1 0
1.027168 0.936563 0.999288 4.268866 9.026692 14.836661
0.970925 4.063331 8.490943 2.196707 1.005942 9
23 -8 -86
1 0 0 0 1 0
0.932208 1.045898 0.912384 3.213208 3.551420 12.357447
0.921246 6.014720 3.937225 2.880707 0.915375 5
-5 -31 35
0 1 0 1 0 0
1.015208 0.859499 0.845723 4.242116 7.078804 4.326936
0.824485 3.388941 7.288383 1.960734 1.046760 12
-24 -87 17
1 0 0 0 0 1
0.996150 0.849747 0.921492 3.695485 11.054010 11.519553
1.042459 7.520530 2.683047 2.100041 1.024760 3
-70 10 19
-1 0 0 0 -1 0
0.825906 1.059514 1.040705 3.373197 13.135632 15.936352
0.874223 8.205513 1.439391 1.910424 0.866139 8
-54 98 69
0 0 1 0 1 0
0.843463 1.044626 0.890000 3.857641 6.473730 12.314753
0.983393 4.777704 6.187750 2.278231 0.800390 5
-10 -54 -91
0 -1 0 0 0 -1
1.046878 0.880770 1.000337 3.176405 5.984727 1.688202
1.050908 7.255050 5.885110 1.356905 0.785959 5
92 -7 54
-1 0 0 0 0 1
1.033941 0.813648 1.059561 3.504390 3.044502 16.906683
0.894902 4.223549 3.033393 1.769461 0.988614 8
14 92 -34
0 0 1 1 0 0
0.796789 1.029867 0.898404 3.108646 1.782273 11.062596
0.935534 7.968179 1.029190 1.257083 1.081756 1
48 4 -20
1 0 0 0 -1 0
0.893502 0.875374 0.888260 3.660127 3.349978 1.892670
1.010416 7.395109 6.618389 1.713895 0.997131 7
3 -21 -3
0 0 1 0 1 0
1.041137 0.841951 0.982377 3.841314 2.166571 13.914798
0.816113 8.400491 1.670464 1.736211 0.928519 4
-10 41 97
0 0 -1 0 -1 0
0.809103 1.046584 0.929481 3.255708 4.781844 16.478107
0.831448 3.407598 5.565291 2.813313 0.898940 12
47 45 -13
0 0 1 1 0 0
0.795740 0.852380 0.931747 3.935425 6.726417 11.750877
0.911364 3.833179 4.302974 2.705805 1.046608 12
97 -80 49
0 1 0 1 0 0
0.981269 0.945921 0.844248 3.772657 8.181177 13.575446
0.912167 5.482447 9.482091 2.588527 0.816485 6
-64 81 -32
0 1 0 -1 0 0
1.004141 0.927075 0.901140 3.769928 3.521111 3.621951
0.792559 5.714720 4.359858 2.674407 0.977124 1
68 82 49
0 0 1 0 1 0
0.857616 0.834034 0.852844 3.784551 6.648975 12.664034
1.014786 8.036317 5.895806 2.899930 0.843021 2
39 -26 85
-1 0 0 0 -1 0
0.938516 0.963517 1.005684 3.756417 6.813153 1.278065
0.948281 5.720863 2.568862 1.675240 1.019058 9
11 -85 -58
1 0 0 0 -1 0
0.895024 0.898711 0.846963 4.196655 9.968662 15.155115
0.907745 8.319593 3.447442 2.481041 0.844960 4
-4 34 -64
0 0 -1 -1 0 0
0.795973 1.001653 0.800479 3.301838 4.692862 14.087151
0.894935 5.429489 7.147898 2.685426 1.033683 11
95 -10 43
0 0 -1 0 -1 0
0.826310 0.996173 0.822166 4.319270 3.597984 12.428385
1.066724 8.787784 5.669984 2.800589 0.957416 7
-33 -71 32
0 1 0 0 0 -1
0.875666 0.836872 0.825873 3.160087 4.885746 2.755319
1.077796 3.327681 2.172966 1.984568 0.908730 1
3 -3 -21
0 0 1 1 0 0
0.818286 0.981368 0.856077 4.137629 2.947337 13.712295
1.055021 3.231527 1.252926 2.960600 0.872089 1
21 48 -71
-1 0 0 0 -1 0
0.833727 0.848466 0.914328 3.494222 6.079507 8.681348
1.080248 6.674530 1.846259 1.389716 0.887360 7
-28 -74 19
0 1 0 0 0 1
1.044674 0.983962 0.870315 4.042577 8.811913 15.631885
0.995105 4.436664 3.644184 1.359025 0.922709 11
70 -56 -86
0 0 -1 -1 0 0
0.848323 0.955625 0.978324 3.333408 8.962820 15.138357
0.880264 6.723751 3.586553 3.027576 0.918601 3
58 -82 14
0 0 1 0 1 0
1.025282 0.804736 0.794847 3.170003 11.450112 12.183112
0.937807 8.627468 4.496812 2.131387 0.953951 10
100 51 55
-1 0 0 0 -1 0
1.068102 0.801952 1.036398 3.174757 1.679696 8.034311
0.920643 5.320901 3.687365 2.543542 1.028283 12
-9 26 -84
-1 0 0 0 0 -1
0.937279 0.851385 0.797519 3.333799 8.228364 11.245521
0.918375 3.131179 1.730022 2.298893 0.883836 8
55 64 -15
0 0 1 -1 0 0
0.979971 0.968320 0.891034 3.362810 7.348672 10.393423
0.893058 8.328388 8.602444 1.794296 0.899089 9
-74 -5 26
0 0 -1 0 1 0
1.063072 0.800427 0.970764 3.412832 2.673037 10.764104
0.999307 5.739499 4.719853 2.024427 1.034389 3
-20 48 69
0 0 -1 -1 0 0
0.854929 1.041605 1.005660 3.797922 8.547322 16.499696
0.821257 5.849165 3.075910 2.484688 1.085492 1
92 -52 -24
0 1 0 1 0 0
0.838301 1.079295 0.791155 3.319535 10.829282 11.603019
0.802347 8.452283 4.215531 1.154127 0.814660 3
-52 -89 58
0 -1 0 1 0 0
0.939135 0.828578 0.796018 4.135392 8.676819 9.841168
0.857789 4.104313 6.234276 1.539569 0.896728 2
47 -64 -45
0 -1 0 0 0 -1
1.053868 0.965964 0.813657 4.207124 12.780872 8.866680
0.999160 8.363574 5.126404 1.725369 1.011748 12
41 -47 3
-1 0 0 0 1 0
0.865183 0.825974 0.981991 3.663284 2.873212 4.965857
0.843037 8.773361 7.791098 2.908364 0.971170 4
-29 62 -96
0 0 -1 -1 0 0
0.918183 1.049930 1.075836 3.814151 7.418647 5.612065
0.821366 6.406172 5.904608 2.066525 1.056522 7
-66 -49 -67
-1 0 0 0 0 1
0.863366 1.035179 1.085908 3.356104 1.993824 12.560842
1.022117 3.770648 6.375501 2.621165 1.039272 11
-63 20 72
1 0 0 0 0 1
0.853638 0.959952 0.998602 3.486704 11.656746 6.039909
0.897214 8.683095 2.418667 2.932688 0.880327 6
-81 -51 -91
0 1 0 0 0 1
0.790464 1.031936 0.869717 3.908128 12.042229 8.176043
0.851404 5.420971 7.685567 2.816960 1.020029 1
-91 -87 -20
0 0 1 0 1 0
1.060466 1.052569 0.785906 4.278312 3.035652 6.581276
1.086864 8.240213 4.277891 2.156593 0.991115 6
-10 48 81
-1 0 0 0 -1 0
1.019444 0.944594 0.823314 3.815465 3.237138 8.626766
1.005390 8.279940 9.294733 2.424970 0.932763 7
80 24 17
0 0 1 0 1 0
0.804945 0.860323 0.864320 3.500914 6.739127 9.402453
1.056339 8.933932 6.900836 2.692789 0.977829 2
95 -23 -52
1 0 0 0 1 0
0.814020 0.826059 0.787611 3.673318 3.745592 13.354334
1.078410 7.476880 6.680721 1.528869 0.979599 8
-46 56 31
0 0 -1 0 1 0
0.982365 1.054913 0.897077 4.119243 8.554021 4.980014
0.865042 5.717267 5.031501 2.416128 0.895444 7
-93 -49 82
0 1 0 1 0 0
0.931340 1.076869 0.861272 3.355888 7.429444 5.408192
0.835545 5.851556 7.205067 2.240894 0.918741 10
60 23 -27
0 0 1 0 -1 0
0.851617 0.902573 1.050492 4.067288 1.798218 15.495155
1.063891 7.587441 4.358361 1.195453 0.896468 6
-72 -95 -45
0 0 -1 0 -1 0
0.966760 1.056339 0.914664 3.626023 3.588608 10.330436
0.898148 7.494384 4.249013 2.560447 0.930704 2
53 67 -96
-1 0 0 0 0 1
1.061175 1.033933 0.947885 3.518340 7.254807 7.987082
0.846141 6.146691 3.600165 2.709448 0.878733 4
-10 -16 -30
1 0 0 0 0 -1
1.038441 0.941348 0.847222 4.000967 9.975860 3.720818
0.804502 3.075473 8.873508 2.355012 1.016126 9
-32 -43 -5
1 0 0 0 0 -1
0.974346 1.036043 0.945971 3.763045 1.240586 4.299995
1.052144 8.422437 2.243023 2.850999 0.900127 6
75 -23 -93
0 0 1 0 1 0
1.053834 0.818487 1.003466 3.585734 10.961030 7.618759
0.948595 6.980249 3.455576 2.443246 0.993883 2
-30 63 15
-1 0 0 0 -1 0
0.828282 1.047766 0.949964 3.976162 1.011869 15.851595
0.923713 6.082156 2.454742 2.032033 1.023656 10
-52 -40 -71
-1 0 0 0 -1 0
0.999158 0.907555 0.883657 3.807673 3.698259 11.311815
0.964116 4.171773 8.035569 2.320850 1.016846 7
-92 24 79
0 1 0 0 0 1
0.913190 1.028810 1.022848 3.471270 3.963077 5.880693
0.913551 8.464957 6.781551 2.470497 0.865374 12
-45 36 -7
0 1 0 0 0 -1
0.863919 0.934809 0.986546 3.001921 2.111725 9.246308
0.925239 8.122221 3.758018 2.876187 1.069759 3
88 -98 84
0 0 -1 0 -1 0
0.806893 0.861022 0.947960 4.171583 3.144710 14.275747
0.861299 8.967198 1.735110 2.386816 1.046959 10
-55 46 76
0 0 -1 0 1 0
0.938847 1.046838 0.835657 3.383493 9.646895 14.340071
1.057572 3.414571 7.487344 2.702983 0.791459 12
23 62 54
1 0 0 0 0 1
0.811856 0.963223 1.087003 3.367330 5.786842 1.324008
0.802288 6.953405 5.445095 1.964514 0.861412 2
-98 -41 -2
0 -1 0 1 0 0
0.940376 1.014677 0.920862 4.047265 1.037122 7.090970
0.964294 4.561552 9.005340 2.228395 0.946763 6
-68 -55 68
1 0 0 0 1 0
0.979160 0.936665 1.059712 3.124353 12.836974 15.964303
1.008696 7.436597 8.341487 1.780330 0.854328 8
23 63 78
0 0 -1 0 1 0
0.943152 1.064208 0.825069 4.325936 3.311666 11.129180
0.840946 6.559234 1.382014 2.386155 1.032290 12
9 11 86
1 0 0 0 0 -1
0.848009 0.861158 0.939485 3.633311 3.630655 7.294754
1.038706 6.777049 2.575882 1.576936 0.828531 2
92 -50 -22
0 0 1 -1 0 0
0.894628 0.991454 1.085812 4.278404 6.816477 12.377527
0.889223 8.661602 5.841908 1.281230 0.793969 5
-63 31 52
0 0 -1 -1 0 0
1.009936 1.076342 0.965768 4.216800 7.510660 16.568026
0.860899 4.222126 7.572745 2.915221 0.867843 1
-26 1 -34
0 -1 0 0 0 1
0.968403 1.042886 0.823567 3.702650 2.023284 3.816437
0.815923 5.894329 5.898354 2.663348 0.979135 10
-53 12 76
0 0 1 0 -1 0
0.937325 0.856731 1.038254 3.644520 6.903846 8.492915
0.976307 5.514673 5.625702 1.524759 1.064375 11
45 -16 -83
0 -1 0 0 0 -1
1.004664 0.982522 0.915626 3.471663 6.730414 13.574156
0.930080 6.409626 4.034114 1.032923 1.074883 3
-77 79 -44
0 1 0 1 0 0
0.812356 1.045508 0.862112 4.112269 8.959322 16.172662
0.819912 4.676692 8.156182 1.547776 1.076654 5
4 -71 36
0 0 1 1 0 0
1.007563 0.875479 1.071617 3.599499 12.981050 8.691988
0.969683 8.172337 5.537152 1.080019 0.838664 3
-7 -39 -67
-1 0 0 0 1 0
0.934510 0.985446 1.073663 3.894649 3.189582 9.717432
0.879135 5.555423 8.071648 1.703453 0.817147 3
91 -24 67
1 0 0 0 1 0
1.075070 0.799181 1.086107 4.327757 2.139151 3.361997
0.866452 4.813827 4.738615 1.484532 0.811447 1
27 -9 -11
0 0 -1 1 0 0
0.951077 1.020031 0.862479 3.230098 1.788200 16.582558
1.019336 8.186088 4.340593 2.824928 0.926338 7
-37 -16 81
0 0 -1 1 0 0
0.981321 1.048581 0.864788 3.150462 4.910988 3.967662
0.873394 8.893796 1.950132 1.172990 1.011355 12
-3 -50 12
0 1 0 0 0 -1
1.083289 0.951265 1.004858 3.728845 11.649821 5.419575
0.970190 7.809719 1.451434 1.733328 0.928617 8
-20 54 92
1 0 0 0 0 -1
0.848897 1.065435 0.922155 3.274988 1.498726 13.720507
0.805696 6.926034 5.037489 1.589718 1.036125 2
-94 -60 -2
1 0 0 0 0 -1
0.795043 0.891955 0.953829 3.409802 2.387655 3.340816
1.005681 7.991788 6.185134 1.393181 0.826799 2
56 -56 -75
1 0 0 0 -1 0
0.932679 0.836328 0.896119 3.013476 5.617302 7.633912
0.802937 4.892989 7.957822 1.295070 0.850485 10
82 -70 -7
0 -1 0 0 0 1
0.902118 0.867084 0.972378 3.989688 2.525385 6.260729
1.036600 5.219392 8.863696 2.215011 0.991531 2
53 55 -54
-1 0 0 0 1 0
0.836274 1.075587 0.822793 4.281724 10.364861 15.507870
1.036496 3.909775 6.544885 2.462942 0.890271 4
23 -62 -8
0 -1 0 -1 0 0
0.888468 0.888933 0.935338 3.445812 11.979174 10.639840
0.849132 8.061913 4.894721 2.222250 1.054495 3
15 -6 -76
0 1 0 0 0 1
1.038032 0.962478 0.810114 3.177681 1.139743 11.498854
0.852258 6.091221 9.405410 2.822251 0.839827 12
-90 -81 -8
0 0 -1 -1 0 0
0.861104 1.009222 0.968220 3.238622 8.908029 9.117239
1.049365 3.578545 9.368817 1.484352 0.871197 10
-24 -23 96
0 0 -1 1 0 0
1.060835 0.992938 0.904799 3.671751 2.328524 10.228328
0.848905 6.934761 3.284694 1.473312 0.858133 2
-88 32 -73
0 -1 0 1 0 0
1.084795 1.068669 0.837696 3.802082 6.007802 14.080723
0.842966 4.731678 2.931064 2.651936 0.959568 5
41 99 -53
0 0 1 0 1 0
0.946950 0.921050 0.887695 4.205632 4.316383 6.070307
0.869931 7.041112 8.919784 2.376159 0.887635 1
14 -26 -17
1 0 0 0 0 -1
1.060293 0.850879 0.837656 4.328754 8.364758 4.069593
1.037106 4.649504 6.080023 2.271830 0.823007 3
24 -58 90
0 0 1 0 -1 0
1.037867 0.837647 0.801218 3.930263 10.518529 12.368121
0.867301 5.761618 5.103163 2.635873 0.977970 5
2 8 2
0 -1 0 0 0 1
0.862466 0.856165 0.987938 3.942830 4.978288 16.967531
0.850404 7.132328 4.759682 2.922815 0.940922 4
94 -86 -35
1 0 0 0 0 -1
1.075476 0.831224 0.853408 4.199964 7.496382 2.514081
0.999224 7.130697 7.238143 1.911241 0.922751 8
-82 80 -90
0 0 -1 0 -1 0
0.817415 0.858112 1.045676 3.621579 8.473120 5.710598
0.942549 5.282959 5.387300 1.249210 0.832956 9
53 -84 -35
1 0 0 0 1 0
0.846783 0.945720 0.803646 3.568000 6.244659 16.785550
0.889480 6.854715 2.941248 2.726802 0.790549 4
-11 70 8
0 1 0 -1 0 0
0.886635 0.950072 0.933337 4.156139 3.720138 1.324818
1.055844 4.946366 3.384298 1.502584 1.047934 7
36 2 99
1 0 0 0 1 0
0.852437 1.027916 0.966942 3.209948 1.839429 3.326789
0.810029 5.981042 9.400769 2.031324 0.915441 5
-20 -88 72
0 0 1 0 -1 0
0.961267 0.927563 1.038981 4.136437 8.946358 7.364811
0.886806 5.055591 3.210773 2.935213 1.003120 5
100 -95 -94
0 0 -1 1 0 0
1.042668 0.870135 0.847240 3.280185 1.481622 5.255441
0.982103 4.615275 6.146275 2.862331 0.896556 9
-93 57 12
0 1 0 0 0 -1
0.813442 0.973272 0.806602 3.560289 2.028522 1.137926
0.944931 8.310755 1.840832 2.342890 1.005620 2
-30 26 65
-1 0 0 0 -1 0
0.969045 1.038092 0.806292 3.811449 1.927403 9.409539
0.923145 6.951401 6.207439 3.015565 1.002893 11
-32 2 87
-1 0 0 0 -1 0
1.066154 0.822278 0.801632 3.946283 5.100476 2.184028
0.998996 3.379320 8.536275 2.161780 1.078312 2
-29 81 91
0 0 1 1 0 0
1.004831 0.869980 0.935484 3.062542 4.928825 4.329821
1.072967 8.254710 9.272201 2.897897 0.990234 4
-8 -85 -89
0 1 0 1 0 0
1.041662 0.975269 0.995068 3.949605 8.605290 7.674014
1.002033 8.216507 8.514710 1.770191 0.998325 1
-100 68 37
-1 0 0 0 0 1
0.955609 0.984470 0.895762 3.825436 8.013355 1.117440
1.033502 7.994510 2.606804 1.460874 1.060361 1
25 -5 -36
-1 0 0 0 0 -1
0.940700 0.962588 0.961842 3.562516 5.255312 2.412884
1.036821 5.539865 2.724039 1.880234 1.086631 1
-3 -9 -64
0 0 1 -1 0 0
0.871320 1.063180 1.065919 3.766115 9.397081 13.722895
1.025401 4.275376 2.100731 1.581838 0.822589 6
