0 2 0
61 1 61
151 1 151
1 1 0
21 1 21
116 1 83
3 0 0
7 1 188
83 1 116
84 1 46
3 1 0
42 1 102
77 1 77
191 1 191
165 1 165
2 1 0
157 1 62
200 1 42
146 1 146
0 0 0
1 1 0
114 1 30
173 1 152
3 1 0
50 1 117
117 1 117
148 1 148
73 1 28
1 0 0
87 1 101
1 0 0
111 1 9
0 1 0
136 1 136
0 0 0
1 0 0
196 1 32
0 0 0
0 0 0
0 0 0
0 1 0
195 1 19
0 1 0
57 1 118
0 0 0
1 0 0
155 1 155
1 0 0
123 1 94
0 0 0
2 0 0
135 1 32
163 1 49
1 0 0
72 1 164
0 1 0
160 1 79
1 0 0
130 1 130
0 1 0
120 1 13
0 1 0
31 1 184
2 0 0
156 1 84
172 1 29
0 1 0
74 1 192
1 0 0
29 1 197
0 0 0
0 0 0
1 1 0
91 1 194
75 1 168
1 0 0
106 1 40
3 1 0
36 1 36
115 1 115
150 1 63
81 1 81
0 0 0
2 0 0
1 1 101
145 1 62
3 0 0
15 1 161
159 1 6
161 1 161
0 0 0
0 0 0
0 2 0
97 1 184
139 1 2
2 0 0
158 1 92
178 1 51
1 0 0
63 1 168
0 0 0
0 0 0
1 0 0
128 1 128
0 0 0
1 1 0
2 1 183
64 1 184
1 1 0
52 1 118
126 1 37
1 0 0
16 1 110
0 0 0
0 0 0
0 0 0
1 0 0
133 1 88
1 0 0
98 1 186
1 0 0
49 1 108
0 0 0
0 0 0
1 0 0
28 1 184
2 0 0
69 1 175
184 1 28
0 0 0
0 0 0
2 0 0
27 1 125
67 1 144
0 0 0
0 0 0
0 0 0
0 0 0
2 1 0
20 1 127
99 1 108
121 1 46
0 0 0
0 0 0
0 0 0
0 0 0
0 0 0
0 1 0
198 1 80
2 0 0
32 1 101
82 1 192
0 0 0
1 0 0
11 1 189
0 0 0
0 0 0
0 1 0
43 1 168
0 0 0
0 0 0
0 0 0
0 0 0
0 0 0
0 0 0
0 0 0
1 0 0
12 1 175
0 0 0
1 0 0
90 1 124
0 0 0
0 0 0
1 0 0
124 1 90
0 0 0
0 0 0
2 0 0
55 1 101
182 1 10
0 0 0
0 0 0
0 0 0
