100 100
-70 -6 -55
0 0 -1 0 1 0
0.841719 1.185401 0.802994 4.243300 10.346665 2.707597
0.830864 6.929286 7.661933 2.687562 1.153797 23
-54 -55 77
0 0 1 1 0 0
0.851722 1.132045 0.795794 3.315949 17.032611 3.984247
0.813307 6.872923 6.266632 2.612184 1.054828 23
9 -53 60
0 0 1 0 1 0
0.931212 0.908747 1.153188 5.001149 9.779514 1.542275
1.210877 4.166172 4.016751 1.399217 0.806963 23
51 47 -18
0 -1 0 0 0 -1
1.034142 1.075836 1.041905 3.757159 1.266415 1.333094
1.000545 4.631350 1.649059 2.187437 1.037168 24
-80 63 -82
0 1 0 0 0 1
0.991961 1.113644 1.219395 4.541984 4.939966 1.715462
1.138315 6.500684 1.784672 1.887501 1.074891 9
-55 38 24
0 -1 0 0 0 -1
0.918442 0.958204 1.082118 4.786878 7.215888 1.825688
0.800951 5.850850 2.258395 1.798928 0.790094 41
-67 79 -53
-1 0 0 0 1 0
1.205900 0.793374 0.785565 3.327535 12.136155 5.226143
0.809718 3.933404 2.261506 2.545510 0.999571 23
-65 -81 -46
0 0 -1 0 -1 0
0.987399 1.022965 0.993031 3.742891 1.566554 9.959099
0.892440 4.715437 7.613616 1.006339 0.969278 2
22 -60 6
1 0 0 0 -1 0
0.952121 1.099462 0.905728 5.092731 10.376132 6.419578
1.022950 8.912430 7.400382 2.709036 0.816101 29
-41 -6 52
0 0 1 1 0 0
0.996574 0.989394 1.107752 4.049712 13.291494 7.131398
1.169790 7.304167 5.166323 1.150973 0.846901 13
48 -71 77
-1 0 0 0 0 1
1.019094 0.796265 1.019581 3.566954 11.089347 9.069059
0.864513 4.711291 9.119315 1.588195 0.878772 27
-42 -30 -75
1 0 0 0 -1 0
1.045545 1.142267 1.021899 3.282436 6.647120 3.193471
1.177006 5.885820 5.977570 2.097357 1.181531 10
11 29 53
1 0 0 0 0 1
1.077193 0.811508 1.104846 3.042640 20.803331 10.417186
0.789035 6.393558 8.167990 1.666943 1.222781 26
56 -100 34
-1 0 0 0 -1 0
0.852453 0.824538 1.155703 4.329794 16.113520 1.115203
1.012997 6.321592 4.078730 3.048173 0.824217 13
24 -3 71
1 0 0 0 1 0
1.113994 0.828834 0.882014 4.241847 5.830733 3.629332
1.193523 7.152524 7.889814 1.305360 1.214487 21
-79 -51 42
0 1 0 -1 0 0
0.971250 0.959133 0.796158 4.408381 12.432633 3.413514
1.181233 3.627924 2.063767 1.853900 0.834708 3
-6 21 -65
0 -1 0 0 0 1
0.898855 1.027310 1.192233 3.711601 5.531249 8.798069
0.837797 6.269802 4.635813 1.967039 1.002625 36
-43 91 -54
0 -1 0 1 0 0
1.185552 0.838747 0.799380 4.289741 1.125022 3.085694
0.899435 3.012314 3.137941 1.236267 1.085944 6
-6 -18 -34
0 0 -1 1 0 0
0.837970 0.800783 1.098191 4.222060 12.531598 7.120082
0.951875 7.005717 6.339426 2.136398 0.909168 18
-20 -28 -7
0 0 1 0 1 0
1.169276 1.183897 0.853281 3.305778 3.893631 3.101941
1.189764 3.455890 7.882992 1.048781 0.859156 5
71 -83 100
0 1 0 -1 0 0
1.055431 1.066304 0.874940 3.081628 15.529213 10.576175
1.048763 6.411786 1.344889 2.328047 0.837092 22
-42 -66 -51
0 1 0 -1 0 0
0.857264 1.156336 0.928391 4.687107 18.791155 10.042194
0.883223 4.627415 5.938622 3.168388 1.048773 32
-69 63 89
0 0 1 0 -1 0
0.916037 0.982684 1.072156 5.091413 13.085640 2.652162
1.160957 5.889790 9.264876 2.216739 0.891941 14
28 63 -99
0 -1 0 -1 0 0
1.176983 0.873221 0.959320 3.173653 8.280075 6.617889
1.099174 6.857367 2.666918 1.102563 1.196049 14
95 40 3
0 -1 0 0 0 1
1.109427 0.959626 1.014077 3.130352 6.395681 3.313280
0.873815 4.771379 1.408072 2.971981 0.822946 10
-24 6 -86
0 1 0 0 0 1
0.850771 0.983527 1.143245 4.428345 2.862178 1.091651
0.982663 8.630908 1.639995 1.254856 1.025152 2
-24 80 100
0 -1 0 0 0 1
1.052879 1.188683 1.023273 3.066697 13.104607 6.358225
0.962962 6.930097 5.261403 3.124414 1.062396 14
91 -45 -43
0 1 0 0 0 1
0.947876 0.869116 0.932206 4.020543 13.735753 7.830308
0.864719 8.918717 3.107411 2.897406 0.914231 46
89 -76 -10
0 0 1 1 0 0
0.832492 0.962238 0.808206 4.750865 15.837069 2.600081
1.102601 8.170835 2.886355 1.464100 1.035356 42
-28 30 -80
-1 0 0 0 1 0
1.150522 1.194954 1.126768 4.286059 16.980864 1.304203
0.861829 8.874921 2.044764 2.315159 0.966630 31
29 82 -39
1 0 0 0 1 0
1.090855 1.069787 1.027579 3.106377 8.673551 7.599927
1.049582 8.426166 9.294537 2.063267 1.123939 45
6 -42 39
0 0 -1 0 1 0
1.051920 0.911853 1.053687 3.443041 13.431682 7.939057
1.101934 7.442413 3.385321 2.985501 0.862337 36
-26 64 -54
0 1 0 0 0 1
0.982681 1.186138 0.980599 4.487202 21.716534 9.737831
0.976373 3.390117 3.044694 1.456691 1.031093 36
-5 -83 -84
-1 0 0 0 0 1
0.815695 0.905376 0.969950 4.935676 8.625522 5.263768
1.204912 4.714423 3.198973 1.214736 1.038943 35
90 -69 10
0 -1 0 0 0 -1
1.187997 0.871643 0.875840 4.443266 21.617628 9.094622
0.878442 5.250478 7.481863 1.723191 1.210279 5
41 88 -45
0 0 1 -1 0 0
1.213777 0.906855 0.870118 4.962547 20.815412 1.492301
0.987942 3.714929 2.047254 3.160653 1.156492 6
51 -17 9
1 0 0 0 0 1
1.176724 1.099683 1.216046 3.675372 18.578640 4.641870
0.911321 8.635830 3.368262 1.780001 1.139411 41
-27 46 -99
0 0 -1 0 1 0
0.833629 1.189691 0.994543 4.355554 9.150094 1.592352
0.823822 3.808951 5.569107 2.604956 1.123820 11
-67 -25 -43
0 0 1 1 0 0
0.802341 1.186297 1.135616 4.195943 7.675552 5.186034
0.901395 5.432759 4.108255 1.851159 0.958066 21
71 11 -97
0 1 0 -1 0 0
0.943608 0.952101 1.179519 4.661920 17.032705 3.200459
1.106623 6.873037 6.151209 2.531592 1.193195 29
80 85 73
0 0 1 0 1 0
1.126976 0.793583 0.894770 4.357605 13.390215 9.855469
0.843297 4.931253 1.377974 2.543132 1.101471 10
-15 -81 88
0 0 1 1 0 0
0.906007 1.096414 1.151991 3.649574 9.537395 3.304001
0.942694 8.545938 6.474494 1.594588 1.141604 31
84 -11 -67
0 0 -1 -1 0 0
1.158815 0.911738 0.909529 3.949441 3.822714 1.481173
0.989373 4.541391 3.812788 3.088259 1.006113 27
86 -35 16
0 -1 0 -1 0 0
0.990707 1.094669 0.974988 3.253082 15.052811 2.847432
0.962030 6.497810 4.727571 2.805247 0.827340 32
31 -99 -67
0 0 1 0 -1 0
1.136443 0.818957 1.119217 3.958341 6.343100 4.802428
0.884723 3.437664 7.509034 1.983077 1.094554 2
57 73 -21
0 -1 0 1 0 0
0.890454 1.114855 0.907755 4.765181 4.474531 8.359713
1.216419 5.353526 1.343437 1.492772 1.084348 12
45 95 -2
0 -1 0 0 0 1
0.819976 1.106397 1.111921 3.752851 17.945188 6.455207
0.844579 7.590955 6.447689 1.162485 0.842820 29
60 54 -11
0 0 -1 1 0 0
1.120074 1.042366 1.072749 4.491123 4.968837 3.384420
0.834487 5.578630 3.420321 2.000760 0.840208 15
-61 -89 -99
0 0 -1 1 0 0
0.882955 0.983087 1.201347 5.009904 10.314313 3.770968
1.173937 8.105995 3.659847 2.616511 1.180301 46
81 -45 96
1 0 0 0 1 0
1.171690 1.145315 1.073012 4.749466 5.884137 9.514387
1.009236 7.782767 7.818520 2.893735 1.083755 44
50 -66 -65
-1 0 0 0 0 1
1.157792 1.191760 1.201750 5.021250 12.567789 3.130872
0.845255 5.076182 7.411556 1.470972 1.130083 40
68 97 98
0 -1 0 0 0 1
1.199616 1.102562 1.082566 3.329885 19.141232 8.062689
0.851782 3.297126 5.752448 2.594694 1.201382 9
-52 -40 -7
1 0 0 0 0 -1
0.882167 0.947547 1.089126 4.204867 4.956080 8.927922
1.017226 4.758748 4.396264 1.798277 1.177888 28
-16 -48 8
0 -1 0 1 0 0
1.131571 0.960751 1.176892 3.117077 20.849026 2.188833
1.066683 3.083624 5.531460 2.077315 1.148368 18
65 33 -65
0 1 0 0 0 -1
0.788896 0.876956 0.949723 4.571967 2.080139 9.155725
0.786642 7.408716 2.833598 2.690598 1.074437 30
64 -50 30
0 0 -1 1 0 0
0.867957 0.814582 1.180166 3.410907 16.696572 1.478120
0.882186 8.866949 7.237402 2.249524 0.887484 6
-28 6 90
1 0 0 0 0 1
1.047306 0.852938 0.862559 3.973252 6.538676 8.775283
0.791275 5.700325 1.606326 1.544310 0.936599 19
34 48 -1
-1 0 0 0 1 0
0.889934 1.106667 0.936852 3.534270 14.054554 6.642712
0.939055 3.481026 2.412278 1.648407 0.919506 39
-3 55 -94
0 0 1 1 0 0
0.863719 1.086478 1.100813 3.385449 14.424444 2.998282
0.916062 7.359566 2.084616 2.841894 1.011429 10
99 -43 -66
0 1 0 0 0 1
1.035502 0.891089 0.917588 4.562912 16.931782 1.230477
1.133962 8.176214 1.785201 1.208069 0.808001 21
75 -69 -63
0 0 1 0 1 0
0.796995 0.857175 1.113866 3.894808 20.345576 8.306172
1.137024 3.829904 7.783252 1.077064 0.924297 46
63 24 100
0 1 0 0 0 -1
0.929838 1.052960 0.821167 4.520505 13.098120 2.875311
1.106457 9.005954 2.480241 2.322654 1.118794 24
-95 61 -88
0 0 1 0 1 0
1.190875 0.951806 1.131765 4.380522 13.696066 4.605914
1.070673 6.046720 2.556215 2.429384 1.049770 15
70 -90 -15
0 1 0 0 0 1
1.100100 0.795828 1.204373 5.055072 19.959668 2.781780
1.077330 6.812682 5.540106 3.032950 0.981357 32
22 70 72
0 0 1 -1 0 0
1.058520 0.875444 1.076393 4.678374 10.549289 5.809278
0.894674 3.130610 8.600170 2.512068 1.141219 42
-33 -37 98
0 0 -1 -1 0 0
0.856842 0.786314 1.206061 3.414027 9.173782 1.512213
0.879730 7.402631 9.191002 1.201144 0.843711 40
10 82 -32
-1 0 0 0 0 1
1.144258 1.107338 1.076564 3.563357 18.949284 1.799253
1.152596 3.437885 6.611898 2.064274 1.194696 19
31 49 -3
1 0 0 0 0 -1
0.911839 1.117941 0.937981 3.100308 15.276307 7.532236
0.886235 7.188997 1.078978 1.827123 1.039918 12
100 -97 16
0 0 -1 0 -1 0
1.210850 0.961582 0.839861 4.157432 15.725515 9.710160
0.975717 3.621944 9.310109 2.558653 0.807976 13
96 2 12
0 -1 0 1 0 0
1.086489 1.085902 1.153701 4.276097 10.257131 4.505087
1.036131 3.124091 3.791924 1.601337 1.212695 32
75 -11 0
-1 0 0 0 -1 0
0.855053 1.074558 1.028891 4.295857 12.134857 10.050991
1.136699 6.819224 2.657697 2.498000 0.929904 8
49 97 37
0 0 1 0 1 0
0.972556 0.800180 0.851627 4.111293 8.932178 10.137978
0.864197 3.821235 2.713675 2.680583 1.192531 31
89 18 -19
0 0 -1 -1 0 0
1.153609 0.968017 1.042131 3.757316 11.238947 7.992259
0.976585 6.432519 9.075449 2.984740 0.931121 7
-95 -61 -86
0 -1 0 0 0 1
0.804001 1.153739 1.013139 4.365566 13.843472 8.515225
1.057331 4.734189 9.372685 1.538628 1.210022 28
-40 91 -94
-1 0 0 0 1 0
1.147299 1.035748 0.798900 3.997959 12.591071 9.095217
0.870293 3.150455 8.423058 2.853436 1.139509 1
15 28 -32
1 0 0 0 -1 0
1.118436 0.861128 1.108335 4.591511 6.819610 6.373759
0.904039 5.077511 5.385737 2.878217 1.005467 31
-74 10 -9
0 0 -1 0 -1 0
0.823184 1.044744 1.006933 4.665334 16.923090 6.763464
1.214680 3.175458 4.397156 2.157094 1.143218 41
27 27 73
0 0 1 1 0 0
0.787508 1.120487 1.205944 5.029601 8.650493 5.614000
0.821062 8.601099 6.850368 1.265508 0.977446 30
34 4 -23
0 1 0 -1 0 0
0.822328 1.179752 1.000291 4.811828 13.568663 6.130895
0.840212 6.779263 3.491464 1.115975 1.138914 20
91 -14 -93
0 -1 0 1 0 0
1.003430 0.955536 0.887364 4.914012 21.179740 1.726713
1.177864 6.391479 7.875770 2.727919 1.065932 13
-23 91 8
0 0 -1 -1 0 0
1.220924 1.078393 0.896560 4.327802 11.543738 8.173882
0.929608 4.949179 9.454241 3.001050 0.894707 18
-22 -61 -54
-1 0 0 0 0 1
0.936840 0.850112 0.805045 3.070881 14.753442 4.304608
0.847421 7.349510 2.805005 2.967787 1.032187 1
-7 84 -53
1 0 0 0 0 -1
0.936792 0.851323 0.873963 4.496779 6.098084 7.777532
1.175435 6.187762 1.781590 3.144855 0.931660 6
57 65 -20
0 -1 0 0 0 1
0.821921 0.891076 0.995376 4.171164 3.686919 2.677986
0.982629 8.286793 7.638687 1.496852 1.092054 33
11 -9 -87
1 0 0 0 0 -1
1.197721 0.879018 1.026927 4.286532 13.854271 7.542078
1.112266 5.226984 1.657671 2.280844 1.213888 8
-13 -69 -3
-1 0 0 0 -1 0
1.219390 1.039375 0.961299 3.782760 1.555096 8.763541
0.940961 8.892667 2.037111 2.454035 1.154730 44
-64 -51 -32
0 0 -1 1 0 0
0.835404 0.995499 0.939850 3.647519 16.159044 4.473870
1.142250 3.400887 4.531056 2.888639 0.924177 17
87 -39 -74
0 0 1 1 0 0
0.991496 0.975439 0.928668 4.502110 9.401182 8.839403
0.878836 6.377237 2.206767 2.390210 0.937404 30
-93 -59 -66
1 0 0 0 -1 0
0.945157 1.060900 0.999679 4.510864 17.027827 4.682959
1.214723 4.610561 7.342165 2.145733 0.878211 12
72 93 -1
1 0 0 0 0 1
1.019803 1.189711 1.078007 3.297297 8.859096 7.016614
0.843002 4.477367 8.582984 3.191265 1.100433 13
61 91 -86
0 1 0 -1 0 0
0.957509 1.196002 1.083663 4.667017 10.401271 7.766416
1.147997 3.963848 4.523791 2.956141 1.123841 23
2 -95 -87
-1 0 0 0 0 1
0.810901 1.028454 1.193830 4.842753 12.932269 3.650269
0.808878 4.517988 3.609461 2.948485 0.887390 45
86 21 -99
-1 0 0 0 0 1
0.926471 1.109667 1.031401 3.222139 20.658336 8.504029
1.178022 6.278537 9.081974 1.130122 1.079263 18
92 73 -44
0 1 0 1 0 0
1.102758 0.892923 1.166233 3.465326 3.087839 1.197376
1.036782 4.594740 8.902946 2.068547 0.804070 26
-77 36 -20
-1 0 0 0 -1 0
0.951310 0.978935 0.788424 4.329181 14.937307 6.898875
0.961064 6.060329 2.806214 2.907352 1.182349 30
-78 -66 -59
0 -1 0 1 0 0
0.846377 1.128288 1.097442 3.720265 15.778373 2.379558
0.981149 4.156916 2.616190 2.786400 1.048449 5
85 -57 -24
0 -1 0 1 0 0
1.101353 0.974405 1.024739 4.636173 8.891574 6.146472
1.194713 6.494707 1.425236 1.460161 1.161405 24
6 -97 63
-1 0 0 0 0 1
0.961131 1.196397 1.219609 4.751659 9.709217 1.405241
1.128783 7.706753 6.805718 3.010337 1.008736 29
48 -79 100
1 0 0 0 0 -1
0.895069 0.807809 0.912647 5.045892 21.250279 8.595831
0.987069 7.424907 3.799014 1.401492 0.827065 1
89 31 -29
0 0 -1 -1 0 0
1.181718 0.967984 1.153675 4.763065 10.586412 8.966046
0.965044 4.307981 8.670269 1.839782 1.166397 17
-67 -36 2
0 0 -1 1 0 0
1.006656 0.887761 1.168163 3.546344 18.388298 4.607309
1.089745 8.601480 4.674731 2.634021 0.943018 36
-12 -76 66
0 0 1 0 1 0
0.826722 0.854526 0.923827 3.368084 5.364820 6.582698
1.177785 8.989279 3.618004 2.264972 1.029344 40
61 8 -45
0 0 -1 1 0 0
1.044765 0.843884 0.907333 5.066509 12.468726 6.091494
0.999199 4.948352 8.020401 1.127113 1.036532 5
67 -75 7
0 1 0 1 0 0
0.878015 1.217371 0.820619 4.998785 3.026593 2.749612
0.814256 5.156721 2.063872 3.041604 0.829334 25
-87 -10 58
0 1 0 -1 0 0
1.128206 0.961898 1.130141 3.550868 21.559411 8.138251
0.874892 4.898459 7.350533 3.005952 0.929690 13
-18 23 -86
1 0 0 0 1 0
0.854773 1.121560 1.178552 4.986090 9.520631 6.238547
1.014161 8.864627 4.104817 1.275646 1.076455 39
-89 -75 17
0 0 1 0 1 0
0.870153 1.154073 1.096041 4.955102 8.011182 9.258057
0.855256 7.528534 3.897528 1.949528 0.930972 46
-87 -84 44
0 -1 0 -1 0 0
1.159318 0.996236 1.151045 4.348511 20.277174 7.653181
0.860784 8.756006 7.618297 2.217398 0.942873 20
54 95 -75
-1 0 0 0 -1 0
0.898813 1.100022 1.078468 4.474177 2.233832 8.078997
1.124992 7.882936 2.008805 1.891305 1.170916 46
-92 -69 54
0 1 0 0 0 1
1.222647 1.205078 1.168665 4.110164 14.046862 8.435507
1.201211 5.421663 2.616893 1.478441 0.899653 3
72 -60 13
0 0 -1 0 1 0
0.857442 0.806918 0.997306 3.982493 17.446793 8.895166
1.062746 4.461200 2.934807 1.935801 0.802518 10
72 -37 62
0 1 0 1 0 0
0.813841 1.142094 0.840772 4.086859 6.044909 7.890785
1.020538 6.750204 1.235280 2.928285 0.967674 38
-11 -36 -26
0 0 -1 0 -1 0
0.799206 1.142951 0.896879 5.052716 14.807897 4.703772
1.063864 3.784699 7.326459 2.871845 0.928556 20
-46 32 -84
0 0 1 0 1 0
1.075951 0.822715 0.794384 3.525192 13.851644 5.568376
1.017950 5.215404 2.406989 1.098432 1.215329 30
99 -60 -44
-1 0 0 0 0 1
0.790765 0.879214 1.177818 4.481451 4.147505 9.856554
0.961418 3.585790 7.675057 1.902243 1.026469 24
2 79 -50
0 0 -1 1 0 0
0.817186 1.222125 1.217999 4.025159 13.874423 7.107377
1.212065 8.438788 6.099745 1.671228 1.106547 24
95 -44 87
1 0 0 0 0 1
1.096221 0.861848 1.048019 3.446025 1.913038 9.219646
1.187810 5.928116 2.411478 3.166971 1.182241 37
-86 12 97
1 0 0 0 -1 0
1.194146 0.879368 1.188600 4.282885 21.679498 9.430806
1.019373 7.361219 7.300885 1.449916 0.863762 21
90 -17 36
0 -1 0 1 0 0
1.021353 0.848951 0.974182 3.669133 17.540064 1.633146
1.031668 5.841605 8.848937 2.028926 0.900727 13
57 10 56
0 0 -1 -1 0 0
0.933997 0.986084 0.817079 3.795915 19.644924 1.790450
1.004403 6.672415 3.034242 1.003119 1.162951 38
-18 13 7
0 -1 0 0 0 -1
1.154153 0.913049 0.999335 3.103832 11.406353 3.263679
1.208936 6.727169 8.787988 2.297399 0.915680 10
28 33 -88
-1 0 0 0 0 1
1.149068 0.817505 0.965440 3.092514 2.441760 6.601285
0.952864 7.962816 4.256039 1.100706 0.961866 28
90 94 -41
0 1 0 1 0 0
1.017161 0.837119 1.113535 3.175111 10.527256 8.421816
1.040013 5.233122 3.232369 2.738114 1.188264 13
-59 90 17
-1 0 0 0 0 1
1.131092 1.098593 1.009250 3.509163 19.179665 9.828251
1.067075 6.221261 1.224238 2.072082 0.983681 34
-28 -90 -4
0 0 1 0 1 0
1.100075 1.191623 1.059280 4.066498 8.078209 4.910052
0.898976 7.878453 7.262879 2.398396 1.034668 42
92 -19 49
0 0 1 1 0 0
0.950838 1.029263 1.077838 3.316375 6.683616 2.891804
0.802310 7.494638 7.736831 2.319999 1.057356 44
-2 -15 85
-1 0 0 0 0 1
0.872374 0.864636 1.212036 4.432835 2.892354 6.685785
1.114315 6.944561 9.434866 1.575227 1.177722 19
-25 -95 28
0 0 1 0 -1 0
1.150791 0.893588 0.981371 3.699441 21.214452 8.742211
1.113484 5.062471 2.759835 3.132750 0.867027 9
13 -33 -48
0 0 -1 -1 0 0
0.977450 0.793860 1.017514 5.023664 17.021155 9.129720
0.966477 4.037757 1.755223 3.070263 0.808289 20
24 95 65
0 -1 0 0 0 1
1.011961 1.097087 0.987496 4.014189 8.933175 10.554322
0.817864 3.707708 6.306254 1.716924 0.973629 42
80 98 -72
0 1 0 1 0 0
1.036020 1.006038 1.036970 4.215749 7.880521 2.785057
0.821629 4.339925 8.342923 2.315448 1.047785 12
-17 -13 -6
-1 0 0 0 1 0
1.085195 1.187049 0.834052 4.983856 5.268318 4.959630
0.870339 6.661991 7.828990 2.360929 0.986556 34
51 30 90
0 -1 0 -1 0 0
1.007472 1.117652 0.985105 4.788349 1.565841 4.891140
0.799750 8.763075 4.896325 2.643058 0.902975 25
34 86 -82
0 -1 0 0 0 -1
1.080217 1.194657 0.799139 3.012791 5.842485 9.109264
1.013749 4.426833 2.591162 1.312729 1.033339 29
56 -44 -33
-1 0 0 0 1 0
1.038873 1.073630 1.154969 3.245442 19.278943 1.364691
0.864709 5.683699 4.365133 2.765892 0.868574 32
-99 -70 -32
0 0 -1 0 1 0
1.125836 0.928822 1.219764 3.510103 19.201148 9.903805
1.016261 4.244318 5.640424 1.332240 0.795241 22
79 72 70
0 0 1 0 -1 0
1.106607 1.034897 1.112818 3.846396 1.996962 7.940400
1.128998 6.905990 6.749614 2.456147 1.016562 3
5 -3 24
-1 0 0 0 0 -1
0.796406 1.077488 1.156946 3.639986 17.653781 1.713649
1.189786 3.719036 9.233714 1.837763 0.894963 37
24 -41 76
0 0 1 -1 0 0
0.930468 0.811659 1.154916 5.003797 19.640797 2.504160
0.850138 4.504547 2.465349 1.302622 1.216039 22
-8 -63 51
0 1 0 0 0 1
0.807311 1.161430 0.879007 4.569737 20.065917 7.944799
1.195258 3.231172 8.560377 1.949310 1.183340 18
-57 69 10
0 0 -1 0 -1 0
0.854285 0.999994 0.879971 4.057039 17.544661 3.950935
0.836461 3.044620 2.754693 1.762107 1.125039 22
58 82 73
1 0 0 0 1 0
1.006022 0.857025 1.055745 4.826602 11.031363 2.019880
1.108601 3.055144 7.873665 1.352493 0.963274 6
-81 -68 75
0 -1 0 0 0 1
1.168004 0.922741 1.213672 4.602428 21.345473 1.866906
0.999308 3.578469 6.974476 2.692166 1.136472 24
-2 20 -19
-1 0 0 0 1 0
0.971311 0.872278 0.921487 3.140887 18.334088 2.341083
0.970239 6.077355 7.728044 1.201242 1.030703 24
-32 -28 -38
1 0 0 0 1 0
1.210782 0.906202 1.144674 3.015474 22.113590 9.366885
0.985382 6.450234 2.635713 3.008509 1.030295 13
-94 34 84
0 0 -1 1 0 0
0.797420 0.828059 0.881757 4.058380 7.878008 5.324248
1.000133 4.562650 3.696981 2.850943 0.967224 31
4 -18 -13
0 0 1 0 -1 0
0.870583 1.054880 1.177841 4.904889 12.528791 7.454008
1.099347 7.128165 4.520758 2.095565 0.873349 43
86 53 -44
0 -1 0 0 0 -1
1.202391 0.801605 0.907168 5.089177 13.776042 5.031011
0.829000 4.407547 4.867118 1.470358 0.819661 3
3 53 95
0 1 0 -1 0 0
1.004780 1.129061 1.064705 3.364309 21.171119 5.868992
1.202976 5.162214 7.769869 2.241984 0.972656 11
-84 81 2
0 0 -1 0 -1 0
0.849446 1.037983 1.010344 3.355964 1.128678 3.923274
1.181952 6.222481 7.171849 2.814287 0.927098 25
-81 -47 80
0 0 -1 -1 0 0
0.905587 1.181889 1.068107 3.833939 6.066555 8.985013
0.925933 3.471156 4.133054 1.083723 0.951523 23
-70 8 -98
0 0 1 -1 0 0
0.790814 0.896481 1.064579 3.142402 15.116746 1.877007
0.998636 4.579885 5.157954 2.463169 1.114705 8
-62 5 91
0 0 1 0 1 0
0.877725 0.979507 0.922832 4.833298 2.791132 1.005605
1.087074 3.243528 7.827178 2.871416 0.896893 10
-31 26 45
0 -1 0 1 0 0
1.085530 0.964310 0.935561 4.124900 3.260851 2.277379
1.023904 5.227878 2.731019 1.701623 0.938186 25
28 -40 73
-1 0 0 0 1 0
0.814894 1.205740 0.914820 3.078719 20.328452 6.814785
1.181766 4.110859 2.744181 2.841956 1.149131 17
55 -27 -21
-1 0 0 0 0 1
0.913378 1.180960 1.051999 4.779790 5.617223 5.896352
0.941163 7.145030 8.699869 2.845352 1.134042 21
67 40 91
0 -1 0 0 0 1
0.802512 1.210551 0.844242 4.439479 12.849831 2.509931
1.119761 7.961700 9.309665 2.473909 1.087969 32
6 -99 -45
0 0 -1 -1 0 0
1.044096 1.091254 1.179503 4.491391 14.319367 4.826841
0.876601 4.586091 6.379059 1.605857 1.055690 21
-51 -34 13
0 1 0 -1 0 0
0.892231 1.153266 0.826484 3.022360 18.913443 1.667509
1.196276 8.010874 7.724295 2.432706 1.101503 19
44 88 -95
0 0 1 0 -1 0
1.154731 0.805562 1.061681 3.196555 17.942175 8.524724
1.070162 4.870956 7.680993 2.906274 0.882222 43
32 93 -80
0 0 1 -1 0 0
1.047628 0.955662 0.995490 4.175774 4.293664 6.497934
0.890588 5.093944 2.262820 2.948320 0.954860 17
-44 -62 -91
0 0 -1 -1 0 0
1.197565 1.112016 1.189506 3.771772 2.782858 7.097679
1.066396 7.922121 5.152444 2.847944 0.851705 19
-92 -22 -66
-1 0 0 0 -1 0
0.833742 1.118090 1.033527 3.059620 1.521376 1.476190
0.976344 7.010309 6.482280 2.263929 0.890907 35
48 87 27
0 0 1 -1 0 0
0.863836 0.934030 1.105495 4.428641 17.105640 5.858713
0.790977 5.262165 3.338547 2.599959 1.075669 39
-76 -9 -27
0 0 1 1 0 0
1.046565 0.902555 0.945329 4.855206 9.570251 6.195705
0.886439 5.392704 7.629968 1.673624 0.812296 2
-47 -41 -13
0 0 1 0 1 0
1.019650 1.163420 0.850580 3.071314 2.306632 10.311683
1.107054 8.847499 7.902154 2.769279 0.913381 45
46 76 8
-1 0 0 0 0 -1
0.877399 0.786990 1.052805 3.959837 15.037202 1.817970
0.802226 6.068457 3.697939 3.010976 1.114249 26
79 92 -100
-1 0 0 0 1 0
1.090601 1.004416 0.864735 4.343865 8.275981 9.249536
1.193678 9.055164 7.966506 1.004862 0.898075 8
0 -45 -82
1 0 0 0 -1 0
0.934000 0.991478 0.900977 4.701887 16.003225 4.981918
0.855479 7.377945 3.013931 1.111891 1.198459 43
97 72 43
1 0 0 0 0 -1
1.203026 1.025381 1.176487 3.384205 11.694986 1.986067
0.912142 7.067164 4.145682 2.731543 1.065592 44
-29 -72 33
-1 0 0 0 0 1
1.210701 1.210303 1.164546 4.332488 9.879963 2.738872
1.058521 7.301115 5.117984 1.079430 0.887888 14
97 -89 94
-1 0 0 0 1 0
0.866495 1.120179 0.829909 4.016319 17.005851 6.643475
1.040669 3.510165 8.141737 2.035150 1.004336 45
-72 21 -74
0 -1 0 0 0 1
1.100960 1.060067 1.220981 3.319084 9.311161 9.734198
0.908638 6.332266 1.245503 1.941153 1.202541 3
-45 2 -16
1 0 0 0 -1 0
0.798155 0.858602 1.063535 3.811398 15.780143 10.112960
1.116407 5.669089 8.521014 2.427097 0.806389 40
-71 -95 -82
0 -1 0 1 0 0
0.786055 0.981499 0.875244 3.448853 14.923546 3.688146
0.989920 6.270505 2.990859 2.291186 0.789457 38
28 46 -86
0 0 -1 0 1 0
0.941138 0.877773 1.221456 3.063728 14.651791 2.378935
1.166715 4.941247 6.250076 2.554445 1.047230 13
-29 -15 48
1 0 0 0 1 0
1.113308 0.939708 1.018688 4.739131 9.514409 10.387281
1.206183 8.999841 5.012592 1.269343 1.113357 23
30 -74 -82
0 0 -1 1 0 0
0.906384 0.880989 0.894441 3.521114 7.438007 10.279611
0.799196 5.647630 1.652058 1.872938 0.845961 25
-72 18 -94
0 0 1 1 0 0
1.008469 1.127981 1.033791 3.660113 15.541485 6.530336
0.799208 6.098349 7.955396 3.132735 1.140551 30
-83 24 18
0 0 1 0 -1 0
0.928952 1.199980 0.787468 3.325578 18.552560 8.664948
1.117384 4.900008 4.059587 2.654702 0.907963 9
-45 74 75
0 0 1 1 0 0
1.146378 0.969898 1.150756 3.961855 18.871031 3.382962
0.888926 8.248421 2.548426 1.435288 1.198011 7
-59 -4 45
1 0 0 0 0 -1
1.083458 1.032137 0.897832 3.762375 22.118150 4.106063
0.861858 6.056444 1.842303 2.044886 0.920659 3
-84 -66 39
0 0 1 1 0 0
0.787807 0.972581 1.055177 3.803608 12.693510 9.441652
1.030114 7.650461 1.939121 2.157151 1.184992 39
77 -21 -34
0 1 0 1 0 0
0.893896 0.997228 0.873216 3.541235 19.998422 7.437187
0.993473 8.258327 2.004361 2.487312 1.046467 32
85 81 -16
0 1 0 -1 0 0
0.991051 0.862914 0.988583 3.376183 4.307299 9.232216
0.859761 4.876262 3.549951 1.053049 1.078026 37
18 -59 -6
0 0 1 0 -1 0
1.222174 1.019588 1.132600 3.858450 12.626784 3.928229
0.838547 5.441397 3.200613 1.623286 0.994565 21
78 60 88
0 0 -1 0 -1 0
0.800315 1.160647 0.953796 4.519642 3.028971 4.495976
1.091955 3.744186 3.431837 1.901115 1.002734 26
-52 75 -60
-1 0 0 0 0 -1
0.839628 0.817043 0.811043 4.042683 14.643398 8.301410
0.882366 8.412421 5.448080 1.869945 1.021275 6
51 -79 -48
0 0 1 -1 0 0
0.939510 0.896545 0.950172 4.710963 11.887799 1.967189
1.164340 6.015273 6.141260 2.887678 1.199865 34
-19 27 -1
0 0 -1 -1 0 0
1.021988 1.147376 1.188248 4.567002 9.369349 1.371364
1.202280 5.276242 3.710770 2.743973 0.802314 25
24 45 -54
0 0 1 -1 0 0
1.087985 0.819212 0.893465 4.922586 13.234216 8.431172
1.059239 3.567887 9.442469 1.917652 1.088933 6
39 -63 -88
-1 0 0 0 0 -1
1.189496 1.043308 1.023032 4.679308 6.345235 4.624875
1.101760 8.686892 8.936011 2.555611 1.043740 42
-85 -8 46
-1 0 0 0 -1 0
1.190802 0.873478 0.822239 4.015453 22.283586 1.620808
0.853956 4.280628 2.054516 1.466631 0.915456 31
-5 78 -33
0 1 0 0 0 1
0.835395 1.169841 0.913469 4.439516 13.485345 9.342099
0.800451 6.266441 7.666968 3.014528 0.894359 13
7 -27 -84
-1 0 0 0 1 0
0.806808 1.196750 0.947946 3.202069 20.071565 1.023079
1.204032 4.439422 1.148793 1.854307 0.789744 1
-1 -39 -4
0 0 -1 -1 0 0
1.052900 0.887025 0.980689 3.506317 18.180145 7.714542
1.174508 6.466928 8.208312 1.775011 1.103178 25
25 -90 55
1 0 0 0 0 1
1.199051 0.846108 1.141470 3.443389 18.787631 3.721768
0.850811 7.188749 5.842833 3.107160 0.854831 34
-89 18 -100
-1 0 0 0 -1 0
0.879735 0.895195 1.092527 3.210822 15.006066 7.925671
1.002718 6.397744 8.595862 3.079884 1.129855 33
36 63 85
0 1 0 0 0 -1
1.200936 0.983991 1.010967 4.446478 4.367227 8.427299
0.929912 5.299314 3.177073 2.362372 0.999641 23
-18 -77 97
-1 0 0 0 -1 0
0.978387 0.794959 1.206198 4.419329 1.237349 4.608284
1.091365 4.319624 5.348691 1.666593 1.029833 25
