0 0 0
7 4 0
20 1 151
84 1 84
90 1 90
100 1 100
151 1 20
165 1 90
181 1 181
2 1 120
17 1 115
86 1 86
120 1 2
8 0 0
8 1 133
12 1 164
54 1 184
63 1 134
114 1 114
117 1 69
121 1 26
195 1 149
1 1 0
5 1 125
4 1 137
1 0 0
46 1 122
3 2 0
58 1 107
94 1 162
157 1 4
185 1 77
186 1 132
1 0 1
160 1 99
2 95 172
3 3 0
66 1 166
78 1 170
140 1 49
33 1 155
76 1 167
129 1 41
3 1 0
103 1 69
148 1 148
152 1 80
31 1 110
2 1 0
108 1 56
155 1 70
145 1 10
4 0 0
3 1 38
70 1 155
161 1 7
184 1 81
3 1 0
27 1 102
101 1 15
162 1 10
174 1 11
3 1 0
56 1 116
91 1 184
177 1 177
67 1 137
2 3 0
71 1 134
147 1 147
15 1 198
44 1 115
142 1 18
3 3 0
55 1 113
104 1 76
154 1 77
41 1 146
93 1 111
166 1 73
3 3 0
52 1 119
68 1 107
176 1 75
57 1 164
118 1 68
198 1 69
3 0 0
97 1 180
131 1 25
197 1 26
3 0 0
10 1 162
36 1 144
125 1 11
3 0 0
38 1 186
130 1 69
133 1 26
2 0 0
42 1 119
134 1 71
0 0 0
1 1 0
175 1 83
89 1 178
1 0 0
164 1 11
1 1 0
9 1 110
105 1 53
4 0 0
26 1 115
72 1 138
87 1 156
163 1 16
1 1 0
178 1 31
32 1 127
1 1 0
13 1 134
115 1 17
1 2 0
35 1 173
11 1 164
43 1 110
1 0 0
7 1 116
2 1 0
109 1 32
149 1 39
88 1 198
1 1 0
79 1 102
110 1 11
1 0 0
191 1 45
0 0 0
1 0 0
141 1 81
3 0 0
22 1 138
82 1 107
150 1 75
2 0 0
111 1 111
119 1 176
1 0 0
75 1 173
2 0 0
18 1 119
173 1 75
0 0 0
1 3 0
65 1 128
21 1 106
96 1 179
188 1 22
2 0 0
14 1 115
128 1 115
3 0 0
25 1 138
73 1 200
126 1 126
1 0 0
168 1 77
1 0 0
124 1 65
0 0 0
0 0 0
1 1 0
200 1 81
37 1 6
0 0 0
0 0 0
1 0 0
48 1 173
0 0 0
0 0 0
1 1 0
158 1 92
190 1 39
0 0 0
1 0 0
6 1 179
0 0 0
0 0 0
0 0 0
0 0 0
0 0 0
0 1 0
34 1 149
0 0 0
0 0 0
0 0 0
0 0 0
0 0 1
2 69 98
0 0 0
0 0 0
0 0 0
0 0 0
0 0 0
0 0 0
1 0 0
45 1 113
0 0 1
2 116 123
0 0 0
0 0 0
0 0 0
0 0 0
0 0 0
0 0 0
0 0 0
0 0 0
0 0 0
0 0 0
0 0 0
0 0 0
1 1 0
183 1 183
170 1 39
1 0 0
153 1 61
0 0 0
0 0 0
1 0 0
189 1 81
0 0 0
0 0 0
0 0 0
2 0 0
50 1 50
102 1 16
0 0 0
0 0 0
0 0 0
0 0 0
0 0 0
