100 100
38 -21 89
0 1 0 0 0 1
0.887735 0.840739 1.172258 3.175742 12.121815 24.744827
1.060752 4.631574 9.173899 1.980139 1.386425 29
-49 78 64
0 0 1 -1 0 0
1.033176 1.063081 0.796571 5.838731 7.754287 15.931330
1.341157 7.642770 2.679505 3.135799 1.089680 14
31 51 12
0 0 -1 0 1 0
1.324739 1.159192 1.012214 4.383658 61.728367 14.271908
1.058883 3.028637 8.253928 2.696615 1.155507 21
-11 23 -86
-1 0 0 0 0 -1
1.151052 1.313169 1.297669 4.365323 58.712174 23.708811
1.010881 4.464832 2.410015 2.908900 1.241707 31
-95 -78 2
0 1 0 0 0 -1
0.944310 1.087349 0.867803 4.913722 61.939489 9.499880
1.384680 7.405670 3.054084 2.044522 1.347609 23
91 60 -3
-1 0 0 0 0 1
1.354348 1.303944 1.088008 4.320015 66.720586 2.852557
1.116136 4.381144 2.511925 1.414247 1.135299 18
-4 -52 -72
-1 0 0 0 0 -1
0.810750 1.380038 0.791548 4.429753 42.577266 16.389122
1.272691 8.738139 8.119025 2.119738 0.941982 7
-43 42 1
1 0 0 0 -1 0
0.788023 1.310745 0.882299 3.438046 4.685619 2.568588
0.832857 6.220021 8.436931 2.219590 0.880518 28
-80 -95 23
0 1 0 0 0 -1
1.375905 1.286493 1.169416 3.442328 54.694422 15.110097
0.817589 7.972762 6.443688 1.982500 1.057161 13
24 76 -7
0 0 1 0 1 0
1.141041 1.265477 0.806973 5.381475 45.603954 10.059652
0.899657 6.639591 1.421796 1.767425 0.870913 45
-91 23 39
0 -1 0 1 0 0
1.243186 0.984621 1.186142 5.499893 29.279353 13.967434
1.029691 7.546401 1.294305 1.311848 1.273721 29
-92 -78 87
1 0 0 0 1 0
0.984187 1.297470 1.261148 5.211913 65.820149 21.503922
1.209672 5.983919 4.769797 1.416468 0.970168 25
-97 31 28
0 1 0 1 0 0
1.253994 1.188096 0.910355 4.776348 34.043674 21.601559
0.872168 3.140017 2.304808 2.949800 1.062417 18
-18 -20 -52
0 1 0 1 0 0
1.378158 1.375163 1.060414 4.657032 11.731960 23.642350
1.167218 3.481287 8.810685 1.371335 1.093481 29
69 -49 8
0 0 1 -1 0 0
1.257324 0.798605 1.078732 5.843229 22.462500 7.990614
0.900050 8.220134 4.505581 2.076528 0.944642 18
-67 4 85
0 0 1 0 1 0
0.809077 1.005671 1.013166 4.133928 14.023804 21.746504
1.328402 7.309674 6.708514 2.941050 0.936215 38
-49 -42 20
-1 0 0 0 -1 0
1.354659 1.387354 1.033712 5.362042 28.424525 19.869969
0.837879 5.769250 5.733464 2.407354 0.949164 43
50 -23 57
0 -1 0 -1 0 0
1.061912 1.323424 0.939722 5.322888 60.014524 4.817424
1.149601 5.403274 9.046930 1.728870 1.346063 35
-49 -29 -52
-1 0 0 0 1 0
1.198316 1.154615 1.014659 5.285400 39.967419 10.575803
0.956826 5.241701 3.068595 3.208243 1.392362 18
50 -87 4
0 1 0 1 0 0
1.006789 1.094281 0.894267 4.726735 47.913655 11.723333
1.205417 7.695251 3.271472 2.409613 1.366581 29
51 66 58
0 0 -1 1 0 0
0.947927 1.316849 0.847614 4.489720 45.188757 17.571201
1.018479 4.535866 7.967336 3.095224 1.252713 11
15 6 -64
0 1 0 1 0 0
1.097263 1.007996 0.877250 4.668721 33.403865 4.236437
1.297538 7.025278 5.274911 1.636146 1.364486 29
59 87 25
0 1 0 1 0 0
1.227334 1.386090 1.240172 4.644036 57.185758 2.934393
0.940763 3.616856 4.496296 2.115563 1.077433 14
82 94 -13
1 0 0 0 1 0
1.258105 1.182875 1.005439 5.113550 11.541605 23.835753
0.882664 4.270756 5.511542 2.463535 1.294188 3
5 86 -34
0 0 -1 1 0 0
1.039497 0.909164 1.199239 4.438080 50.910081 24.718467
0.844074 6.385518 7.142973 2.774047 1.185751 38
-91 37 -59
0 0 1 1 0 0
0.884968 1.210096 1.379545 4.779595 67.459107 9.997107
1.265792 8.213069 2.710171 3.015767 1.391537 6
-92 1 -83
0 0 -1 1 0 0
1.358512 1.395959 1.017997 4.261806 32.564012 8.960420
1.150962 4.983248 4.815440 2.075130 1.106008 2
65 91 -16
0 0 -1 0 -1 0
0.879727 1.312981 0.943235 3.913475 43.336026 4.116870
0.855299 4.084554 2.386292 1.045802 0.951340 29
-23 0 69
1 0 0 0 0 1
0.973683 1.109437 1.096143 3.748371 49.558384 1.506723
1.318016 7.152307 6.961695 1.722579 1.171000 5
-28 -32 100
0 0 1 1 0 0
0.840339 1.205602 0.824309 4.213217 57.869237 21.333117
0.805143 4.982085 1.713286 1.667973 0.821116 41
-26 -64 24
0 1 0 -1 0 0
1.235481 0.874536 1.121134 4.139357 26.624703 24.467428
0.972445 7.616319 8.531808 1.425226 0.846010 34
62 80 98
0 -1 0 0 0 -1
1.207541 1.114509 0.965158 5.819128 62.922428 20.396617
1.272579 4.109426 4.884106 3.189199 1.322748 16
-23 -71 60
1 0 0 0 1 0
1.243909 0.829086 1.036319 3.732876 26.634751 23.835683
1.268526 4.824889 4.455581 3.340920 0.932566 35
-96 2 -42
0 0 1 -1 0 0
1.024324 0.801629 1.317681 4.072574 57.007765 20.086938
1.069190 3.282655 1.481449 1.322134 0.939594 7
49 -45 24
-1 0 0 0 1 0
0.911508 0.896151 1.029973 3.634721 57.799050 13.707941
0.904686 5.994911 5.323475 1.016400 1.381632 19
-96 -100 -14
0 0 -1 -1 0 0
1.337280 1.258966 1.164472 3.027453 65.407767 7.397718
0.889711 5.176140 2.962762 1.447678 1.090896 37
15 -13 26
0 1 0 1 0 0
1.083203 1.048864 1.285714 5.556583 5.957333 4.217870
0.920340 3.510333 1.493793 2.880899 1.212314 38
14 80 -16
0 0 -1 1 0 0
0.902019 0.974753 0.889724 3.751570 37.384290 13.623187
1.311195 4.704866 7.710874 2.393828 1.138834 49
-88 23 42
0 -1 0 0 0 -1
0.929652 0.897698 0.963714 4.166616 26.283718 10.304517
1.113306 8.362641 1.335460 1.507062 1.239276 24
41 20 4
0 0 1 -1 0 0
1.244056 0.863895 0.971346 4.198083 48.672105 11.654380
1.159527 5.145888 8.955443 2.468791 1.088263 40
58 55 83
0 0 -1 0 1 0
1.294228 1.192324 0.826037 3.958393 49.366559 7.145556
1.229788 8.995352 1.565611 1.239444 0.959056 39
-39 -47 28
0 0 1 1 0 0
1.164232 1.358722 1.235276 3.021366 15.507225 4.435098
0.884105 5.304100 1.726940 1.204410 1.381373 19
-94 24 23
-1 0 0 0 1 0
0.804785 0.984234 0.810923 5.093036 22.037314 2.088727
0.859553 3.136337 4.944377 1.308558 1.213465 16
-24 32 -27
-1 0 0 0 1 0
1.270133 1.212773 1.170439 4.420538 6.579475 19.137783
1.277195 5.378982 5.791136 2.172574 1.048827 17
-70 -44 -55
-1 0 0 0 -1 0
1.051323 0.985514 1.170223 4.015057 38.485542 21.889359
1.053211 4.179445 5.001218 1.535280 0.978617 29
-76 85 45
0 0 1 -1 0 0
1.342462 1.202077 1.254074 3.376888 33.116029 10.527184
1.233325 3.004510 7.498610 2.227731 0.814507 49
-97 27 -42
0 -1 0 1 0 0
1.253848 1.347318 1.110505 5.213443 4.037926 23.047244
1.201936 7.785367 7.958615 2.157053 0.952185 19
-77 -46 39
1 0 0 0 0 -1
1.121425 1.046497 1.250653 4.392992 20.677879 13.976078
0.830866 5.458487 8.980110 1.909495 0.880083 22
-74 50 -37
1 0 0 0 0 1
1.261864 1.352343 1.172072 3.191240 5.628329 11.466474
0.801652 5.985504 3.429308 2.368516 0.919383 20
45 -82 90
0 -1 0 -1 0 0
1.038156 1.052407 1.244472 5.009166 13.315249 10.217030
1.076760 4.862881 4.102053 1.551415 1.183078 4
89 50 15
0 0 -1 -1 0 0
0.950402 1.356040 1.101266 3.662607 7.663168 11.231234
1.234638 6.997542 2.099444 1.112894 1.137818 19
-57 -32 77
0 -1 0 0 0 1
1.388134 0.917218 1.210660 3.182372 22.384925 8.583387
1.360748 5.814082 8.778735 2.397815 0.799137 2
56 95 -66
0 0 1 0 -1 0
1.072043 1.093338 1.076390 4.465993 53.119658 9.876527
0.812598 8.581700 8.900706 3.092203 1.334371 32
71 19 -53
0 0 -1 -1 0 0
1.049069 1.185216 1.053081 3.060904 8.002949 1.548990
1.136870 7.174429 7.012622 1.912315 1.067133 37
19 -85 -88
1 0 0 0 -1 0
1.262560 1.037370 1.101276 4.237280 66.441922 3.304041
1.377686 5.699725 7.019655 2.092201 1.162005 8
-52 -69 -32
0 0 1 0 -1 0
1.039656 1.146816 1.266094 3.046396 37.084363 16.155289
0.816111 8.442819 3.852696 2.269058 0.852992 37
-43 -88 73
-1 0 0 0 1 0
0.853333 1.244174 1.234469 4.692621 52.343332 6.178802
0.922698 5.863550 9.187841 2.057846 1.174202 40
-66 62 4
0 0 1 -1 0 0
0.977713 1.214610 1.164043 3.969298 43.779052 6.263878
0.957823 6.648827 1.028894 1.364498 1.286374 26
13 41 66
0 -1 0 -1 0 0
1.255791 1.350869 1.128737 5.790208 20.465107 2.980825
0.998706 5.273977 3.134545 3.093425 1.080300 19
0 91 -47
0 0 1 1 0 0
1.076536 1.172381 1.185110 3.574790 17.427592 3.177331
1.384652 4.255745 6.338785 1.770611 0.900358 12
78 -49 78
0 0 -1 0 1 0
1.361813 0.847074 0.850733 3.041456 20.167025 19.266523
1.349370 7.908199 5.858506 2.753980 0.821041 41
-11 -47 37
1 0 0 0 0 -1
1.252284 1.128195 1.189384 3.958792 10.314025 1.389795
0.832092 8.536594 7.177365 1.060708 0.983897 27
4 76 51
0 1 0 -1 0 0
1.250369 0.980227 1.315502 3.459392 40.533131 22.247937
1.328981 6.564033 9.002878 2.466985 1.162009 4
55 -95 -10
0 1 0 1 0 0
1.370216 1.097898 1.181256 3.262040 9.496867 6.067312
0.818947 4.960000 8.258585 1.920059 0.965926 12
14 43 25
0 0 1 0 -1 0
1.020164 0.967301 1.071103 4.530185 24.476316 24.481159
1.363962 5.209718 3.978889 1.663773 1.182157 12
52 -11 -75
1 0 0 0 0 1
0.788494 0.816266 1.275102 4.033595 17.102278 19.698379
1.224180 4.534850 2.741982 1.496494 1.145095 38
-21 -10 -99
0 0 -1 0 -1 0
1.034160 1.300647 1.026598 4.826738 45.622614 6.538507
1.258648 7.764346 3.754182 1.847077 1.076308 12
-47 62 -3
1 0 0 0 -1 0
1.160238 1.118980 1.057513 3.942608 21.259668 18.177337
0.961488 9.010492 5.351197 1.528263 0.903895 18
93 -70 3
1 0 0 0 0 -1
0.922020 0.812007 0.790620 4.993869 46.248278 23.475732
1.302123 8.180897 5.920691 2.033683 1.010970 23
4 -52 40
-1 0 0 0 -1 0
1.163333 0.965280 1.369231 5.831059 45.597058 16.345917
1.232235 8.145651 1.724797 3.174669 0.964772 1
-30 92 -40
0 0 1 0 -1 0
1.362653 0.921939 0.860779 4.718462 31.186172 20.127829
1.361154 8.896511 8.124665 2.709854 0.958118 40
-50 61 -21
1 0 0 0 0 -1
1.323541 0.926927 1.256521 5.416139 52.893256 14.255784
0.855107 4.225638 7.015484 2.544625 1.005898 16
72 -8 -45
0 0 -1 0 1 0
1.091861 0.848635 1.270827 4.015425 16.066267 14.167292
1.168856 7.644087 7.548837 2.051398 0.947579 29
13 -62 -92
-1 0 0 0 -1 0
0.993781 0.827017 1.305378 3.766466 24.615598 2.571440
1.295394 3.715511 5.643710 1.202336 0.864416 46
20 -22 -71
0 0 1 0 -1 0
1.063847 1.127720 1.099149 5.777584 48.036065 11.456070
1.001869 7.413298 7.908616 3.113765 1.251496 33
-53 25 36
0 0 -1 1 0 0
1.137148 1.020573 1.203676 5.696696 66.488217 16.739511
0.806446 6.800836 3.241276 3.119853 1.288059 26
-8 -71 -57
0 0 1 -1 0 0
1.080767 1.223643 1.185455 3.252858 9.244751 19.982178
1.210052 7.837209 7.330289 2.456118 1.153184 32
-54 80 -96
-1 0 0 0 -1 0
0.953051 1.034064 0.974039 3.825876 5.645147 8.111987
1.134227 5.722593 4.786826 2.767455 1.367648 42
-58 48 -50
-1 0 0 0 0 -1
0.894174 0.980086 0.901449 5.599956 36.617441 24.769683
0.993773 4.625267 9.104582 1.522450 1.233314 19
-99 16 -53
0 -1 0 0 0 1
0.940522 0.808425 0.791061 3.587764 47.662833 21.816291
1.234895 6.607425 6.704528 2.502750 1.244267 14
45 68 -30
0 -1 0 -1 0 0
1.359812 1.237665 0.962595 5.571246 61.204239 14.068438
1.241839 8.482559 8.866262 2.220321 0.870493 33
40 70 -2
1 0 0 0 0 1
1.147305 1.121471 0.980364 5.500106 14.920764 7.650264
1.080515 4.411712 6.075722 1.973789 0.900866 13
90 -43 -41
0 -1 0 -1 0 0
0.991344 1.078907 0.907374 4.506648 46.784790 5.818398
1.233378 7.173435 5.748188 2.443067 0.999363 40
98 65 -50
-1 0 0 0 1 0
1.111064 1.272323 1.035626 5.469626 21.447459 19.431070
1.112637 4.579479 1.542911 3.116300 1.099063 5
78 7 92
-1 0 0 0 -1 0
1.005131 1.361813 1.358103 4.599102 12.638589 1.084141
1.090014 7.565042 6.123876 2.661819 1.076692 9
5 43 71
-1 0 0 0 0 -1
0.834927 1.044930 1.203312 3.094338 2.136548 10.983171
1.240353 3.424749 2.135953 1.990770 0.805463 4
-18 70 -88
0 1 0 -1 0 0
1.356337 1.009024 1.105891 5.728234 10.489596 13.389504
0.892876 5.731529 9.284982 2.911707 1.193301 25
41 -33 -35
0 -1 0 0 0 1
0.852781 1.194873 0.794875 4.251563 40.321037 3.676951
1.381445 6.751259 2.401350 1.407224 1.314869 21
16 14 -9
-1 0 0 0 0 1
1.060578 1.098987 1.346228 4.795139 66.416180 15.869540
1.325410 6.015806 9.046535 1.440024 1.207293 1
-77 -92 -100
-1 0 0 0 0 1
1.002564 1.045503 0.861262 4.107362 51.644693 7.406179
1.009956 6.845538 2.234002 3.374333 1.244602 20
75 28 -8
0 1 0 1 0 0
1.029189 1.318910 1.018982 3.102132 53.022942 16.091221
0.899037 8.070718 2.907153 1.593780 0.871529 14
-54 86 29
0 1 0 0 0 -1
0.996450 0.928039 0.828354 4.119498 14.555828 22.296651
1.163503 8.107172 4.825861 1.891022 0.904365 25
83 -78 55
1 0 0 0 1 0
1.394939 0.853854 0.939650 4.398457 42.203090 10.851260
1.313487 3.064634 1.362357 1.648507 1.322731 8
57 86 48
-1 0 0 0 0 1
1.258911 1.304715 1.093820 3.818595 21.548507 22.910652
0.899423 3.487868 3.948211 1.999828 0.880197 47
68 43 -79
0 0 -1 0 -1 0
1.375461 1.041656 1.153479 4.298943 25.837559 18.585044
1.217296 3.416472 9.299958 2.885918 1.174803 8
52 35 29
-1 0 0 0 1 0
0.931552 1.284082 1.068010 3.375982 51.838129 5.435043
0.798104 5.679252 7.231802 2.174879 1.249908 29
53 -15 99
-1 0 0 0 0 1
0.817683 1.277218 1.272254 4.992532 34.186700 11.237552
1.343804 6.201184 7.194244 2.676391 0.830701 17
-31 -70 -87
0 0 -1 1 0 0
0.931514 1.299815 0.804532 5.040961 19.411815 8.023958
1.141125 5.382499 2.462682 1.480331 1.277977 30
21 -18 -11
0 1 0 0 0 1
1.077777 0.843471 1.107132 3.655366 27.211352 3.921469
1.076868 6.406026 5.977979 3.014074 0.847806 12
98 -84 -88
0 1 0 0 0 -1
1.330396 0.984533 1.189295 5.117187 58.269100 10.131970
0.910208 3.434347 3.542336 2.886791 1.026015 1
73 -35 27
0 -1 0 1 0 0
1.296599 0.824420 1.108417 5.038267 20.291986 1.585266
0.885797 6.110848 2.165352 1.221437 0.956346 48
-90 -46 -83
0 1 0 1 0 0
0.909092 0.997551 1.282798 3.258182 49.825166 12.722302
1.349258 8.268161 1.244485 2.693435 1.362037 42
86 -77 -29
0 0 1 -1 0 0
1.372218 1.369150 0.942574 4.078437 37.394549 21.923773
0.947753 4.751644 8.668698 2.681290 0.885665 9
-53 0 28
0 0 1 1 0 0
0.938298 1.294309 1.259236 3.150727 58.841044 13.305826
1.226531 6.956082 5.940010 2.908634 1.177104 45
66 100 -20
-1 0 0 0 -1 0
1.073827 0.807470 0.947997 5.711340 26.182520 8.041726
0.820946 8.547567 1.427553 1.736981 1.163076 47
29 -29 -99
-1 0 0 0 1 0
1.235873 1.150147 0.972979 5.817454 12.201846 1.683244
1.131806 7.187869 6.201209 1.884141 1.285061 21
-70 57 -14
0 1 0 1 0 0
1.246616 0.871519 0.872356 5.834438 25.898701 13.673184
1.385548 6.448277 1.242368 2.637798 1.174128 37
-63 -77 2
0 0 1 -1 0 0
0.925332 1.134778 0.961635 3.385181 62.947781 12.100019
1.016813 6.695517 5.691790 2.126557 0.972327 46
85 63 43
0 0 1 0 -1 0
1.342837 1.039207 0.976456 3.901844 51.502475 21.465707
1.244375 5.653297 5.147404 1.633633 0.805624 29
-20 -82 2
0 0 1 1 0 0
0.820286 1.257020 1.368208 4.047606 52.186515 9.221880
1.205907 8.584767 2.710903 2.396031 0.955062 13
100 -41 -4
1 0 0 0 0 1
1.317133 1.174575 0.951228 5.140784 53.030120 15.095947
0.939526 4.646908 2.571158 3.032299 1.362624 12
-100 -57 89
-1 0 0 0 1 0
1.272826 0.880961 1.073015 4.883009 16.117354 15.731536
1.234261 5.339168 6.819070 2.283385 0.862554 21
22 -68 -38
0 0 -1 -1 0 0
1.040455 1.110041 1.249427 5.391114 25.262923 15.526610
1.284940 6.617797 6.103583 2.151776 1.198244 27
-58 -86 61
0 0 1 1 0 0
1.246408 1.012569 1.194107 4.962498 10.125065 7.485867
1.285442 6.431120 1.372387 2.858948 1.024879 48
-72 -46 21
0 0 -1 0 -1 0
0.830129 1.250113 0.796741 4.334973 65.258617 11.121256
1.231963 8.950393 7.658295 2.994173 1.154037 40
-50 -93 -96
0 0 1 1 0 0
0.804931 1.246400 1.142582 3.007740 67.631928 6.027752
1.335500 9.102054 6.968673 2.770299 0.900157 25
96 -89 7
0 0 1 0 1 0
1.129534 1.163174 1.114560 3.066821 9.997710 21.307423
1.289546 3.060563 3.496387 3.036769 1.389657 20
16 50 -22
1 0 0 0 0 -1
0.952786 0.823068 1.125691 3.596775 18.154321 19.689537
0.792850 5.791811 8.544718 1.608445 1.367363 44
-67 -60 74
0 0 1 -1 0 0
1.106675 1.092011 0.847435 5.544881 13.327635 22.430756
1.140759 8.980066 7.140611 2.372409 1.212965 21
-40 76 81
0 0 -1 0 -1 0
1.246015 1.195777 1.230442 5.089235 9.893295 8.897715
1.317265 8.326814 5.114092 1.546911 0.828027 43
-83 55 -46
0 0 -1 -1 0 0
1.373885 1.258237 1.058108 3.473819 32.657553 13.187397
0.798873 6.922764 4.027823 1.310836 1.296378 4
-66 81 65
-1 0 0 0 1 0
0.893887 1.053549 1.324064 4.928143 13.370077 19.175206
0.859898 8.827179 7.086715 2.090275 0.844089 4
-63 -93 -25
0 0 -1 1 0 0
1.388910 0.794428 1.046004 4.864570 40.264759 8.447034
1.151064 3.711936 6.817454 1.587309 1.055315 38
-50 57 -17
-1 0 0 0 0 1
0.861437 1.001315 0.856999 4.483896 22.421670 20.663781
0.788044 5.502339 4.081961 1.267673 1.063288 8
-99 -59 -10
0 -1 0 0 0 -1
1.249639 1.327921 1.073352 4.390410 15.553240 19.523392
1.363013 8.168318 7.564613 2.422148 1.056567 28
-14 -25 -47
0 0 -1 0 -1 0
1.247677 0.909611 1.015025 3.760311 19.796784 23.206791
1.308637 5.443279 1.923180 2.412504 0.892743 6
59 -20 97
0 0 1 0 1 0
1.312965 0.877689 1.246806 3.229356 5.737968 20.525417
0.877482 6.630128 8.752772 1.508818 1.151138 38
28 -50 -55
0 1 0 1 0 0
0.880211 1.075740 1.297237 3.666903 10.894951 15.923417
1.052247 5.485412 8.360680 3.324966 1.211874 48
76 56 70
0 0 -1 0 1 0
1.268977 1.142592 0.814950 5.443426 25.507294 10.136151
1.297292 3.945724 3.204038 3.045345 1.026323 9
23 -88 -22
0 1 0 -1 0 0
1.264136 0.810729 1.041122 5.461008 27.887037 19.841742
1.068488 4.734869 7.757989 1.756205 0.977574 28
-8 92 -72
0 -1 0 -1 0 0
0.820922 1.206917 1.247395 3.754299 42.041905 8.456985
0.973977 6.376151 4.341982 2.025624 1.255116 8
52 78 -39
0 0 1 0 -1 0
1.146200 1.280936 1.325951 3.238738 29.471259 22.144683
1.214104 3.039707 8.526660 3.102176 1.214665 15
-34 32 10
0 0 -1 0 -1 0
1.230293 1.058556 1.085914 3.284125 17.929754 22.971557
0.973661 7.488311 1.702764 1.478476 1.113190 8
7 68 38
0 1 0 -1 0 0
1.113762 0.970579 1.056881 5.213842 62.212888 15.617200
1.190754 8.764385 7.707380 3.207000 1.271951 22
9 54 40
-1 0 0 0 1 0
0.914956 0.847210 1.246800 3.267386 15.467273 11.800932
1.104564 6.014547 5.667530 3.362764 1.355040 43
61 -16 55
1 0 0 0 0 -1
0.922189 1.294664 1.373425 5.418279 21.975128 13.688668
1.330413 4.657842 8.299491 2.113865 0.954695 7
-3 24 -74
0 0 -1 -1 0 0
1.114786 0.965429 0.940191 5.766267 27.672855 24.866559
1.212842 8.926749 7.592791 1.076946 0.993441 32
90 9 -60
-1 0 0 0 -1 0
0.843877 1.131946 1.230361 5.764266 54.918820 15.405008
1.145355 7.954481 5.633860 2.806115 1.223831 27
-10 -41 -89
-1 0 0 0 1 0
1.196389 0.893777 0.819978 4.348890 66.411126 17.652652
1.064007 5.978822 4.475613 1.721114 0.999578 10
-55 31 -41
0 1 0 1 0 0
1.267903 0.795459 1.242979 4.778251 19.272831 15.592038
1.140506 6.399251 1.653654 2.235224 1.291231 27
-14 -59 -72
1 0 0 0 -1 0
0.999496 1.089640 0.958270 4.309677 51.003971 3.794203
1.173256 3.199314 4.915073 2.289954 0.972026 36
42 -67 -1
0 0 1 -1 0 0
0.955694 1.311979 1.249769 3.481995 38.001999 2.777744
0.947582 8.957153 5.158039 1.337529 0.850337 36
-70 -33 8
1 0 0 0 -1 0
1.308752 1.317535 1.136370 4.651503 31.719959 12.616221
1.152248 4.336104 5.701239 2.001818 1.359866 47
-60 -86 -77
-1 0 0 0 -1 0
1.308335 0.873275 1.113132 4.045298 39.576495 15.544580
1.256911 3.552168 5.246620 3.339329 1.295932 40
39 74 4
0 0 1 0 1 0
0.882326 0.808178 0.942583 3.556754 25.728261 6.948807
1.280398 5.259460 2.296981 2.084550 1.097726 44
54 78 48
0 0 1 1 0 0
0.869644 0.867113 1.277387 4.401328 47.003829 11.539735
0.872248 6.870533 4.222855 1.386044 1.038806 25
2 21 -54
1 0 0 0 -1 0
1.168610 0.838623 1.159680 4.742292 56.088125 10.018258
0.808676 3.311991 1.705774 1.972134 1.088618 11
-7 85 24
0 1 0 -1 0 0
1.393829 1.126976 1.043772 5.187842 43.481993 4.302840
0.864155 3.639063 1.069219 1.943309 1.224670 3
-62 5 -1
0 -1 0 0 0 1
1.159944 1.359402 0.906667 4.552159 56.807630 14.643910
0.893970 5.327334 2.883898 2.137228 1.203853 43
-45 -58 61
1 0 0 0 0 -1
0.997795 0.993798 1.207958 3.209512 62.485594 3.550002
1.015370 4.920512 7.192438 2.872446 1.147682 43
51 -83 -3
-1 0 0 0 -1 0
0.789472 0.954542 0.850279 4.159510 24.038453 18.922869
1.222616 6.007501 2.145243 2.908625 1.167094 32
-97 10 -74
0 0 -1 1 0 0
0.936300 1.036355 1.248851 4.355453 3.527191 11.187692
1.353690 7.024149 7.472251 1.348359 1.358222 24
-84 -3 -55
-1 0 0 0 0 -1
1.343515 0.831799 1.376816 4.855472 57.922575 17.365291
0.900606 4.578880 4.073631 1.702178 0.852017 7
-14 -50 -15
0 -1 0 0 0 1
0.850968 1.293694 0.995311 4.632907 49.462494 2.430195
0.815503 6.240436 9.008553 1.914005 1.004676 21
1 -59 82
0 0 -1 0 1 0
0.982293 0.814437 1.213692 4.519815 66.870021 20.070170
1.172142 8.380032 5.504685 1.396158 1.298194 23
28 64 -73
-1 0 0 0 0 1
1.335740 1.342438 0.916201 4.241679 9.807423 13.987808
1.136625 8.511505 4.964609 1.623818 0.955016 12
-13 17 -93
0 0 -1 0 1 0
0.804556 0.842042 1.380208 4.404624 58.064147 7.943343
1.306005 3.041654 3.853249 1.780467 0.870008 40
-80 5 -98
0 -1 0 -1 0 0
1.125625 0.797742 0.869559 4.081656 62.555764 17.408456
0.995877 3.241573 8.708121 2.556656 1.131421 49
-23 22 25
0 0 1 0 -1 0
0.875289 0.963458 1.365305 3.094329 28.139204 17.768577
1.329736 3.542226 3.219502 1.220080 1.041113 39
16 2 -14
0 1 0 1 0 0
1.396547 0.903902 0.822829 3.588296 29.958519 18.688681
1.215470 3.145981 2.339803 1.991127 1.062475 43
-21 -26 -75
0 1 0 0 0 -1
0.894449 1.236857 0.921361 3.116367 7.050053 16.533629
1.197735 4.896848 8.514361 2.665998 1.265716 5
25 97 73
0 0 -1 0 -1 0
0.938547 1.322227 1.365175 5.016470 38.402926 20.267448
1.318520 7.055664 7.700127 1.401987 1.092042 36
-58 34 85
0 1 0 -1 0 0
1.242044 1.029707 0.795779 4.091951 23.194799 11.426012
0.873627 3.159391 6.853675 1.538404 0.890687 16
-88 -63 78
0 0 1 0 -1 0
1.330092 1.315527 0.821301 4.012228 16.187893 22.360475
1.128307 8.280754 4.046695 2.134591 1.042320 47
-84 -95 -97
0 -1 0 0 0 1
1.334535 1.105368 0.808686 4.491581 19.486095 13.582744
0.851616 7.661105 7.544349 2.529335 1.006149 13
76 0 -90
0 -1 0 0 0 1
1.274931 0.936076 0.837453 5.188847 20.652132 2.682514
1.067103 8.737189 7.271575 1.933801 0.888913 3
-68 7 2
0 1 0 0 0 1
1.112518 1.029202 1.122477 5.164706 56.168640 20.720379
1.361173 3.762181 7.883581 1.460205 0.852757 27
20 -11 41
1 0 0 0 1 0
1.065005 1.154571 1.044309 5.617013 6.045159 23.386735
1.298900 4.938840 8.017465 3.203534 1.308053 32
97 -1 68
0 1 0 0 0 -1
0.994661 1.327588 1.047439 5.285579 18.874692 11.078837
0.996591 5.453130 2.632900 2.066360 1.318478 17
-85 98 -83
0 -1 0 0 0 -1
1.174588 1.008062 1.248810 3.773635 55.536991 13.603873
1.019786 6.530721 4.767325 2.972299 0.926393 46
60 83 92
1 0 0 0 0 1
1.093563 0.816329 1.288537 3.962312 45.085887 1.770233
0.889456 3.649310 1.901047 2.806239 0.797887 40
52 57 -84
0 0 1 1 0 0
1.235043 1.208914 1.080985 5.669683 52.229999 20.026391
0.863423 3.890701 1.675408 1.614996 1.375347 21
-43 -56 -97
0 0 1 -1 0 0
1.282834 0.921245 0.841423 5.358482 13.980551 16.169035
1.127518 9.010130 5.623274 3.034909 1.377849 25
-96 18 16
0 -1 0 0 0 -1
1.329025 1.385038 1.355858 4.044688 3.567855 23.103860
0.958920 8.629179 6.336449 1.026035 1.192136 18
55 -100 -73
0 -1 0 1 0 0
1.259387 1.054255 1.147030 3.423372 30.956585 1.228025
1.306001 6.649555 3.358656 1.231151 1.329909 29
7 -15 -46
0 -1 0 -1 0 0
0.811576 1.257814 1.059412 4.927034 27.843467 21.478409
1.263814 5.643932 7.284860 2.960501 1.393352 38
36 34 91
0 0 1 1 0 0
1.015934 1.114325 1.026950 4.679117 25.472273 11.298454
0.871597 7.622035 1.038394 1.161466 1.307708 4
-23 14 50
0 0 -1 0 1 0
1.135050 0.818931 0.791035 4.230100 31.774115 7.617771
0.834867 7.742655 8.141864 2.578209 1.342654 42
-10 83 84
0 0 1 0 1 0
0.942949 1.312209 1.393452 3.693876 48.236975 18.210559
1.173404 8.367030 4.327735 1.062567 1.079830 15
39 40 75
0 -1 0 -1 0 0
1.100323 1.065827 1.129629 4.475418 24.562629 14.440467
1.293160 7.814143 3.463462 1.051187 1.358024 48
-42 58 37
0 0 -1 1 0 0
0.818213 1.085833 0.906659 4.252267 42.149728 10.462345
1.216025 3.308232 1.044192 2.212154 1.166325 3
-27 42 -100
1 0 0 0 0 1
1.358916 1.031545 1.154735 4.651516 44.522938 8.206962
0.817710 3.172762 6.652584 1.835754 1.097927 13
-89 -70 80
1 0 0 0 0 1
0.864691 1.348489 1.114122 5.008636 28.639168 4.033842
1.018784 3.461270 4.088647 2.687174 0.979762 37
54 36 -55
0 0 1 1 0 0
0.839657 1.108280 0.886576 4.468143 20.638480 23.212848
1.333312 8.709553 2.785540 2.555546 0.973578 23
-7 -63 8
0 0 -1 0 1 0
1.267224 1.181457 1.036854 4.033552 55.972668 7.986591
0.788154 4.348493 1.698601 1.221404 1.371861 49
49 45 -31
0 1 0 0 0 -1
1.215668 1.065525 1.266093 4.771090 37.221129 1.334780
1.319196 6.697262 8.387790 2.472026 1.384768 28
-98 90 93
0 1 0 0 0 1
0.965519 1.081461 1.099662 4.480140 29.762286 3.905347
1.197049 5.830183 6.986418 2.883396 1.109028 29
98 -17 -97
0 1 0 -1 0 0
1.235505 1.373321 1.125822 3.193867 40.116204 23.943450
0.821504 5.295009 3.395140 3.221434 1.347316 42
-98 -25 -77
1 0 0 0 1 0
1.298201 1.331547 0.872640 3.979395 67.418692 19.857772
1.060102 6.128325 3.501657 1.499127 1.369178 12
-66 47 80
0 -1 0 0 0 -1
1.117561 1.146705 1.284712 4.903081 21.778545 3.454579
1.076984 6.143522 2.602168 2.465641 1.123771 35
-78 -21 -83
0 -1 0 1 0 0
0.944056 0.811506 0.977718 3.042775 23.141394 23.891844
0.823139 3.365637 1.922150 1.567226 1.141449 35
8 37 0
0 0 1 0 1 0
0.894304 1.362854 1.063689 4.633617 55.066221 3.889077
1.182225 4.669125 6.267124 1.459530 1.113092 21
-24 65 -89
0 0 -1 0 1 0
0.795003 0.896949 1.040335 5.132175 34.503834 15.189220
1.261762 7.618470 4.781357 1.182105 1.246498 17
-32 58 60
0 0 1 1 0 0
1.348247 1.103372 1.389538 4.424438 29.077212 9.924207
1.387605 3.997269 2.112274 1.409348 1.128357 46
-68 -8 8
0 0 -1 0 -1 0
1.202973 1.030849 0.923444 4.756969 28.227534 9.956989
0.928652 7.049437 7.591102 1.938538 1.057721 44
-29 99 -98
0 -1 0 0 0 -1
1.096229 1.099867 1.129507 5.520162 6.770806 3.334210
1.127407 4.009390 2.690358 2.197751 1.070946 21
-72 17 -37
1 0 0 0 -1 0
1.343233 1.204063 1.219980 3.923320 29.448226 3.422261
1.135381 6.544826 5.333759 3.062354 0.812614 10
77 -38 -11
0 -1 0 1 0 0
0.967292 1.364399 1.236119 4.624045 48.522480 16.995849
0.864400 7.585866 9.205696 1.753671 0.824478 23
-42 61 92
0 0 -1 0 1 0
0.845817 0.901250 1.056954 5.322355 11.267694 5.469763
0.817736 7.975069 9.268286 2.946226 1.163067 18
99 33 -80
0 0 -1 0 1 0
1.317325 1.360328 1.272943 5.668567 32.405576 17.639242
0.950826 4.763948 6.215907 1.265908 1.062264 33
