0 3 0
68 1 68
104 1 104
177 1 177
1 2 0
200 1 200
74 1 191
199 1 199
4 0 0
25 1 25
28 1 28
105 1 62
172 1 172
2 1 0
10 1 10
53 1 53
174 1 174
1 0 0
132 1 24
0 0 0
1 0 0
143 1 143
1 0 0
198 1 30
0 0 0
0 0 0
1 0 0
175 1 6
0 0 0
1 0 0
19 1 152
1 0 0
183 1 30
1 0 0
191 1 98
0 0 0
1 0 0
122 1 122
0 0 0
0 0 0
0 0 0
0 0 0
2 1 0
40 1 163
96 1 188
124 1 35
1 0 0
158 1 51
1 0 0
58 1 58
0 0 0
0 0 0
0 0 0
1 0 0
51 1 158
0 0 0
0 0 0
0 1 0
129 1 129
0 0 0
0 0 0
0 1 0
103 1 103
1 0 0
78 1 160
0 1 0
44 1 44
1 0 0
17 1 17
1 0 0
151 1 22
0 0 0
0 0 0
0 1 0
131 1 70
0 1 0
161 1 161
0 0 0
0 0 0
0 1 0
164 1 164
0 0 0
0 0 0
0 0 0
2 1 0
12 1 12
144 1 39
173 1 45
0 0 0
0 2 0
32 1 32
81 1 149
0 1 0
107 1 107
0 1 0
149 1 81
0 0 0
0 0 0
1 0 0
57 1 168
0 0 0
0 0 0
1 0 0
138 1 39
0 0 0
0 0 0
0 0 0
1 0 0
139 1 196
0 0 0
1 0 0
121 1 79
0 0 0
0 0 0
0 0 0
1 1 0
20 1 180
180 1 20
0 0 0
1 0 0
182 1 182
0 0 0
0 0 0
0 0 0
0 0 0
0 0 0
0 0 0
0 0 0
0 0 0
0 0 0
0 0 0
0 0 0
1 0 0
163 1 6
0 0 0
0 0 0
0 0 0
0 0 0
0 0 0
1 0 0
108 1 94
0 0 0
0 0 0
0 0 0
0 0 0
0 0 0
0 1 0
72 1 196
0 0 0
0 0 0
0 0 0
0 0 0
0 0 0
