100 100
-26 -61 38
0 0 1 1 0 0
0.810998 0.860741 0.883102 3.364390 7.544803 11.893305
0.904782 7.990866 8.303143 1.422353 0.806755 3
15 45 95
1 0 0 0 -1 0
0.979451 1.026346 0.827812 3.020731 11.325969 6.505941
1.018036 7.720461 8.186615 2.990113 0.808428 4
-51 -32 88
0 0 1 0 -1 0
0.934833 1.036502 1.143059 3.251004 9.312832 2.961462
1.063897 4.457243 8.070327 1.632151 1.046712 7
53 10 2
0 0 -1 0 -1 0
0.824412 0.892134 0.837187 3.872209 8.740658 8.574230
1.094705 5.093839 4.440737 2.732924 1.012361 9
-56 51 63
0 -1 0 1 0 0
1.077157 1.000902 1.090049 4.581011 3.075135 3.463101
1.035813 4.881005 7.176367 1.884244 1.099379 3
37 30 -42
-1 0 0 0 1 0
0.928646 1.002961 0.875283 3.185649 11.684289 4.762177
0.936305 8.585813 2.648901 2.999267 1.052362 11
-69 -87 -51
0 1 0 0 0 1
1.082342 0.837504 1.045307 4.595145 1.023315 1.000041
0.871116 6.473198 1.837118 3.059311 0.985626 7
11 100 -82
0 0 -1 -1 0 0
0.898137 0.997314 1.150796 3.415502 10.567324 11.114495
0.907903 5.426083 4.298632 3.044656 0.966262 10
26 -48 -58
0 0 1 1 0 0
1.063523 1.100281 1.046946 4.418618 8.316183 5.041019
1.093663 8.758057 3.597529 2.937939 1.096596 9
-31 40 -32
0 0 1 1 0 0
0.967865 0.793572 0.885349 3.953688 3.474145 8.277739
1.119380 5.290635 1.061533 1.569054 1.127497 8
-6 13 -88
1 0 0 0 1 0
0.894539 0.889124 1.006667 4.259239 9.952734 4.786123
0.957139 5.858253 4.919521 3.274292 1.143868 4
12 -34 21
0 0 1 -1 0 0
1.142359 0.869895 0.814641 4.200418 1.090499 10.793038
0.888992 3.108800 1.604412 2.086897 1.063821 5
14 91 84
0 -1 0 0 0 1
1.071461 0.958292 1.000124 3.629698 4.923226 1.110744
0.827639 7.539328 2.637629 1.024511 1.018825 8
-95 -14 65
0 1 0 1 0 0
1.072590 1.092331 0.804856 3.850889 8.600914 11.717579
1.051905 6.813432 5.160521 1.980981 1.121501 1
94 91 -50
-1 0 0 0 0 1
1.099656 0.892389 1.100009 4.246615 1.614536 5.362344
1.099239 7.765645 2.269979 1.227838 0.925261 2
-63 -43 -96
0 0 1 0 1 0
0.985636 0.893548 0.912620 4.246916 9.869850 3.440852
0.855073 6.091369 3.158822 2.289073 0.824234 6
53 -23 -7
1 0 0 0 0 -1
0.801571 0.987609 0.821974 4.445709 3.947584 6.942783
0.979751 3.070969 6.326624 1.269490 1.015603 2
56 -27 -75
-1 0 0 0 1 0
1.051477 1.110652 1.012024 3.891337 2.493825 11.965002
0.978077 8.111540 8.666550 3.282165 0.815588 5
82 34 -72
0 -1 0 -1 0 0
1.013669 0.862478 1.137405 3.652167 5.058316 5.740759
0.862978 4.325271 5.545820 3.210148 1.054345 10
43 54 -85
0 0 -1 -1 0 0
1.101509 0.866160 1.147390 3.909334 3.613893 7.397442
0.968584 5.344632 1.618057 1.059312 1.120853 11
-81 25 76
-1 0 0 0 0 -1
1.041044 0.977265 0.802109 3.638625 11.976118 1.176941
1.113312 6.425912 3.747843 3.329088 1.128853 8
75 31 -1
1 0 0 0 0 1
0.966502 0.908379 0.796002 4.585971 12.250962 1.654014
0.799623 8.842747 6.235191 2.654585 0.848409 9
-24 84 -57
0 0 1 0 1 0
1.122782 1.143324 1.004305 3.723743 4.741314 3.209804
1.002008 4.094021 6.437794 2.219621 1.074356 9
55 -46 -79
0 0 -1 -1 0 0
1.136405 0.834694 0.805830 3.681450 7.055102 7.189224
0.958761 5.471689 3.769965 2.183412 0.851768 9
57 4 -82
-1 0 0 0 -1 0
1.066596 0.841223 0.826522 4.562603 11.658439 3.668944
0.894522 3.076617 6.965052 2.915941 1.118691 3
18 -74 100
1 0 0 0 0 1
1.020946 0.895742 1.126811 3.203927 6.731673 6.613677
0.951957 3.895889 7.073582 2.389282 0.979026 10
12 -52 -7
-1 0 0 0 1 0
0.812439 0.898174 0.945901 4.300979 6.167566 5.198583
1.089064 6.523992 3.013879 1.768421 1.144450 3
-54 18 -55
0 0 1 1 0 0
0.862389 1.085870 0.832904 4.305925 3.515881 12.526828
0.836302 5.310213 1.475718 2.653677 1.029513 3
-25 -99 47
0 0 1 0 -1 0
0.797055 1.070717 0.919353 4.377930 7.743680 6.426368
0.890001 6.328698 7.425903 1.272867 0.968044 4
25 -69 77
0 0 -1 0 -1 0
0.912437 0.871367 1.134974 4.084782 10.789368 10.217253
0.802547 9.046474 6.822005 2.476952 0.911756 7
35 -46 -87
0 0 -1 0 -1 0
0.945848 0.814728 0.788958 4.475147 12.312984 12.210110
0.998921 4.685934 6.606649 3.101259 1.055471 7
54 -93 -5
0 0 1 -1 0 0
0.928657 0.833502 0.933031 3.910573 9.902446 12.517279
1.027832 3.350093 8.058664 1.233528 0.954859 10
-28 42 -92
0 -1 0 0 0 -1
1.007565 1.066318 0.955597 4.304453 1.882288 4.060053
0.803748 3.220573 4.159020 2.357748 0.870814 3
-91 28 -48
0 1 0 -1 0 0
1.147970 1.019959 0.911463 3.422280 5.951057 3.969019
1.095948 6.635662 7.697240 1.862782 1.006800 1
-76 64 -59
1 0 0 0 -1 0
1.078422 0.796494 1.032026 3.158353 5.424816 9.445011
1.084183 7.654847 6.011667 2.147319 0.975534 9
6 47 -83
0 1 0 0 0 -1
0.793485 0.949185 1.046986 3.227100 2.857938 12.637017
0.821412 8.046091 3.510636 3.245848 0.967321 4
88 -25 93
0 -1 0 0 0 1
0.992227 0.890520 0.917109 4.174011 3.693257 2.220288
0.936096 5.341888 2.260942 2.233468 0.957489 4
20 23 -30
0 0 1 -1 0 0
1.003357 0.789453 1.116995 4.570575 1.326543 4.378041
0.870258 4.240208 7.083338 1.609198 0.887624 1
-1 -77 10
0 0 1 -1 0 0
0.821374 1.105856 1.115684 3.205203 8.640839 5.154043
0.993218 8.936407 8.462822 1.141251 0.839333 5
-51 45 26
0 1 0 -1 0 0
0.819949 0.922663 0.909230 3.154834 8.525557 6.421375
1.008346 7.130394 6.853019 2.297108 0.924057 9
-30 52 -30
0 -1 0 1 0 0
1.042157 0.843126 1.133646 3.676677 9.566660 8.812388
0.986322 5.770384 1.130052 2.921186 0.862698 3
-93 -34 -61
0 0 -1 -1 0 0
0.815610 0.799656 1.060667 4.442261 12.770261 12.615244
0.872490 6.844192 8.693251 2.216000 0.869964 6
-73 -33 51
0 1 0 -1 0 0
1.139089 0.969044 1.079735 4.348917 12.178300 3.309753
0.826023 6.017982 6.055345 2.324879 0.797611 3
66 -58 -2
-1 0 0 0 0 -1
1.092581 1.012421 1.036638 3.005235 3.903859 4.103074
0.974009 3.969636 7.567384 2.186646 1.056370 6
-31 -11 83
-1 0 0 0 0 -1
1.091276 0.859019 0.916671 4.363788 8.684855 9.790317
1.022258 6.478384 2.581380 2.053627 0.933424 7
-100 42 -44
0 0 -1 -1 0 0
1.003627 0.942062 0.964576 3.801908 8.184855 3.297867
0.804280 4.960356 3.304967 3.085246 1.009438 2
34 35 67
0 1 0 -1 0 0
0.825778 0.832678 0.992655 4.285238 2.437700 8.284532
0.896424 4.125975 9.099192 2.891683 1.127662 5
-9 33 -41
0 -1 0 1 0 0
0.885198 0.969084 1.132991 4.228035 8.379364 3.217712
0.996979 3.384958 4.885642 1.905823 0.807935 4
-82 -6 -7
1 0 0 0 0 1
0.819654 1.064616 0.857715 3.251223 11.434976 5.695366
0.840171 7.487802 3.922077 1.588888 0.980401 2
-26 92 30
0 0 1 1 0 0
0.961360 1.125376 0.802079 4.568193 13.310036 8.026384
0.936933 9.047562 5.557108 1.972856 0.942983 1
-54 54 6
0 1 0 1 0 0
1.037136 0.810059 0.899269 3.331281 13.185189 11.718367
1.009920 7.097052 5.314007 2.447996 0.878558 4
-94 45 -98
-1 0 0 0 1 0
0.894436 1.105839 0.965154 3.655063 13.108319 11.172390
0.959296 8.484310 5.155816 1.259983 0.934686 2
84 -56 94
-1 0 0 0 0 -1
0.972430 0.851360 0.890941 4.439732 4.433320 10.341874
0.790965 5.670151 1.357651 2.744328 0.931684 11
32 -52 19
0 1 0 -1 0 0
0.973060 1.121916 1.021092 4.511993 1.584359 7.659759
1.020427 6.223718 7.427553 2.520853 0.802734 4
-89 93 -3
0 0 -1 0 -1 0
0.866996 1.131212 1.025692 3.201746 10.915931 9.265427
0.863571 7.769208 7.921198 2.154018 0.788066 5
-7 26 -95
0 0 -1 0 -1 0
1.094596 1.083793 0.900309 3.984540 5.361815 8.205155
1.137241 5.433597 6.756656 1.391806 1.014888 6
64 -73 -68
0 0 -1 0 -1 0
0.968842 0.948771 1.140544 3.324208 11.074828 6.253679
0.885148 7.620905 2.731392 2.162702 1.085023 9
-71 -85 33
0 0 1 1 0 0
1.091112 0.920224 0.897350 4.207295 11.959530 4.553239
1.127808 3.411071 6.702795 1.798936 0.841014 3
-52 50 -2
1 0 0 0 0 -1
0.969566 1.150768 0.835121 3.120071 8.387791 1.446468
1.097437 3.281081 5.214400 3.057333 0.979762 5
-52 76 -64
0 -1 0 0 0 1
1.068304 0.805085 0.831426 3.917272 7.891981 11.918219
0.819098 6.493892 7.887350 3.358275 1.053727 8
61 -58 50
0 -1 0 -1 0 0
1.032175 1.076417 1.129807 3.374575 11.204989 9.750129
0.868876 8.421695 2.691895 3.138851 0.980650 5
39 -27 -68
0 0 -1 0 -1 0
1.113133 0.893302 1.133368 4.131176 13.165290 6.964578
0.928099 7.275377 4.047226 2.457999 1.062807 6
44 -16 67
0 0 1 -1 0 0
1.073378 1.043040 0.939832 4.102925 10.392707 9.656177
0.959769 3.943233 8.261730 2.928121 1.092617 10
-34 -9 -65
0 -1 0 0 0 -1
1.122591 0.936923 0.958925 4.491464 8.145970 6.745146
0.948308 4.276833 3.583330 2.553987 1.090985 1
53 -40 -86
0 1 0 0 0 1
1.098264 0.909690 0.861657 3.217468 1.706646 5.834079
1.097900 6.190598 6.039165 2.800170 0.997483 7
-4 17 84
0 1 0 0 0 1
1.007019 0.785437 0.795169 4.505019 4.309512 7.210367
0.993082 7.370808 8.955543 1.176976 0.900331 6
-45 85 45
0 0 1 0 1 0
1.001141 0.857852 1.094993 3.748143 3.930770 2.407741
0.910299 6.591173 5.577713 1.938212 0.921517 9
-57 -35 -57
1 0 0 0 -1 0
1.120007 0.992412 0.891753 3.987089 4.442354 9.586548
0.972768 3.318090 5.866143 3.410195 1.134539 5
69 -5 -14
1 0 0 0 1 0
1.032779 1.026662 1.026294 4.582466 12.230633 4.276880
1.098811 5.046759 4.195830 3.504568 0.894486 6
76 51 -56
0 -1 0 1 0 0
0.996536 0.886279 1.134789 4.380715 4.454481 2.589136
0.922318 5.694869 6.131690 2.212253 1.106767 4
71 -40 56
0 0 1 1 0 0
1.085795 0.881152 0.842994 3.252326 12.024299 12.291223
0.983855 4.971434 4.529078 3.342542 1.125599 5
-61 58 33
1 0 0 0 -1 0
0.917248 1.018251 1.132783 3.817217 8.694701 6.870285
0.918084 6.007476 4.719561 1.332802 0.882950 9
-46 79 75
0 -1 0 0 0 1
0.793956 0.810093 1.043673 4.121661 1.177318 4.667340
0.913542 9.143207 7.622582 2.138089 1.025784 10
-15 -91 -99
0 -1 0 0 0 -1
1.102105 1.046698 0.799228 3.741239 6.818095 10.379837
1.085980 5.584410 7.016587 1.605165 0.919764 3
85 -68 83
0 0 1 0 1 0
0.955205 1.115031 0.992649 3.574433 10.326719 6.081876
1.083785 3.963272 2.973402 2.784847 1.029199 1
42 16 33
0 0 -1 0 1 0
1.136584 1.134613 0.807341 3.629981 4.528981 12.811933
0.875018 7.177911 5.856461 2.581934 0.983946 9
-24 -90 68
0 -1 0 -1 0 0
0.948261 0.985582 0.786811 3.825411 11.232453 6.050098
1.049216 4.513858 8.293427 2.748272 1.084533 11
72 -74 -32
0 1 0 -1 0 0
1.034981 0.965228 0.985352 3.143741 4.893972 3.453041
1.129956 6.154248 8.248762 2.642500 0.794130 2
49 -26 23
-1 0 0 0 -1 0
1.083346 0.895365 0.795281 4.158371 9.045496 1.755994
0.916101 6.392392 1.594658 1.601694 0.857760 6
8 -8 29
1 0 0 0 1 0
0.862509 0.991779 0.899723 4.362291 12.336618 5.551031
0.800053 8.103883 4.108260 2.219082 0.863168 6
29 70 -79
-1 0 0 0 -1 0
1.128732 0.919257 0.896643 4.142088 3.198565 12.337927
1.132534 4.144050 4.161101 1.978973 0.809149 3
30 -58 -54
0 0 -1 0 -1 0
0.852500 0.855650 0.927257 4.309591 6.210970 11.779527
0.790481 7.135968 3.981513 2.132891 0.802981 5
36 100 -87
1 0 0 0 -1 0
0.953648 0.810258 1.090891 3.553813 1.303536 4.101255
1.041461 9.138589 5.514875 1.936691 0.989502 8
-38 65 -83
0 0 -1 0 -1 0
1.141164 1.012281 0.962498 4.422203 4.289796 5.750788
0.955381 5.501985 4.248629 1.976192 0.834586 4
-94 69 11
0 0 1 1 0 0
0.965874 0.852745 1.140589 3.057506 2.322275 7.410125
1.038148 8.969089 7.391116 3.415659 0.815080 9
55 37 -15
0 0 1 1 0 0
1.136406 0.852313 0.969045 3.688362 11.531785 6.861486
0.892512 7.037750 8.233109 2.341187 0.955509 3
54 -91 -62
1 0 0 0 -1 0
0.978173 1.055994 0.956501 3.822317 12.253239 1.123881
1.052343 6.323890 1.070503 2.233981 1.032316 2
-68 -4 1
1 0 0 0 -1 0
1.130097 0.867580 0.986945 3.847983 11.729086 7.266255
1.126437 5.514275 3.227064 3.363018 1.105668 8
62 -99 -81
0 1 0 0 0 -1
0.957022 0.988255 0.931584 4.506175 3.981141 11.344159
1.008215 7.790813 4.033215 1.579778 1.059613 1
-90 -84 74
0 0 1 0 1 0
0.967604 0.955215 1.108491 3.235721 1.327878 10.902097
1.035428 8.191807 3.600920 2.862151 1.060302 4
-56 53 84
0 0 -1 -1 0 0
1.105343 1.092891 0.861842 4.362342 5.979960 6.049860
1.071982 6.508202 5.249998 1.542564 1.005565 9
57 19 74
0 -1 0 0 0 -1
0.906667 0.969273 0.839770 4.070698 1.903872 3.459597
0.862982 3.195704 1.595295 1.095556 1.088317 7
25 91 -80
0 0 -1 0 -1 0
1.105151 0.804091 0.959770 3.268573 12.729769 1.550228
0.963755 6.262974 5.068966 3.472996 1.091404 1
-50 -65 91
0 0 1 0 1 0
0.877230 1.101925 0.982003 3.609306 4.307204 1.130344
0.999262 7.984292 9.280821 1.667735 0.845456 9
-95 -20 -13
-1 0 0 0 1 0
1.074076 1.149931 0.833501 3.182980 12.838956 1.471052
1.135283 9.066061 7.258251 2.433557 1.048989 9
29 88 -54
0 0 1 -1 0 0
1.024843 0.991946 0.810331 3.407985 6.955307 4.114329
0.836519 6.581016 4.604974 2.195344 1.145658 1
-54 -20 39
0 0 1 -1 0 0
1.100430 0.878619 0.862221 3.232295 6.591507 2.595319
1.075942 9.018394 8.931968 2.528747 0.893708 6
-1 -84 -88
-1 0 0 0 0 1
0.883891 1.086480 0.877764 4.145320 2.475135 1.493681
1.150228 5.938155 7.564787 2.196855 0.798064 8
53 -44 56
0 1 0 0 0 -1
0.801885 1.034038 0.995361 3.092456 11.451595 4.066647
0.987685 3.528457 3.637722 3.318266 0.942097 3
42 -9 1
0 0 1 -1 0 0
1.004941 0.988765 0.955934 3.374371 9.197102 6.749455
0.873284 4.165755 4.597140 1.316082 0.806428 8
72 -90 42
-1 0 0 0 0 1
1.058711 0.853331 0.911430 4.089782 8.809209 3.670094
1.089575 8.201510 5.481670 1.379722 0.808340 8
58 47 -88
-1 0 0 0 -1 0
1.134155 0.882806 0.863346 4.550550 10.227424 10.375070
0.834600 6.807759 5.481144 1.485965 0.871509 1
-23 -8 -74
0 0 -1 0 1 0
1.008237 0.908130 1.135365 3.637177 13.298766 8.196082
0.977639 3.616890 7.010119 2.930706 0.943201 9
-55 -70 -64
1 0 0 0 1 0
0.947245 0.818394 0.897487 3.831737 8.389575 10.123793
1.020474 3.663018 1.822859 1.292196 1.136501 7
52 -30 -70
1 0 0 0 1 0
0.791942 1.140939 0.933767 4.111816 10.477831 7.180438
1.113872 3.082727 3.971136 2.413572 1.107143 6
-94 49 -87
0 -1 0 0 0 1
0.902793 0.970313 0.991717 4.399605 9.009158 3.286492
0.923169 5.005454 3.371132 1.072539 1.005655 9
92 94 -47
1 0 0 0 1 0
0.896764 0.939406 0.925580 3.999916 3.293858 11.025955
1.007364 3.779434 7.595279 2.248796 0.977479 10
-33 -51 84
0 -1 0 -1 0 0
1.101828 1.050431 0.795372 4.313352 1.392723 1.922145
0.865496 4.463945 8.343150 2.692721 1.065237 7
97 98 -67
0 -1 0 0 0 1
0.828364 0.929862 0.884540 3.762476 13.219790 10.441911
0.787891 6.345935 2.485540 2.169827 1.011379 7
74 -65 -62
0 1 0 1 0 0
1.066536 1.031972 1.052250 4.386505 11.174877 3.869658
1.043134 4.173647 2.965953 2.531497 0.787787 6
72 74 72
0 1 0 -1 0 0
0.964608 1.014551 0.882033 4.199547 4.876381 9.102568
0.981409 5.097925 1.268586 2.416003 0.834813 2
-93 -87 44
1 0 0 0 -1 0
0.817475 1.086280 0.825496 4.368094 3.123652 7.027954
1.016706 8.606245 2.978883 1.855397 0.913952 1
52 69 -90
-1 0 0 0 0 1
0.889638 1.150658 1.044240 3.880215 4.478884 12.620083
0.869686 6.572353 6.016823 1.765844 1.079205 7
-58 -15 84
0 -1 0 -1 0 0
1.151050 0.830003 0.823470 3.359085 9.113252 8.337865
0.944517 3.070441 1.673710 1.695408 0.897470 8
-90 -59 -85
-1 0 0 0 -1 0
0.916003 1.030832 1.105954 3.808815 2.197013 8.142893
0.987644 7.378487 3.204386 2.293167 1.024706 9
45 5 75
0 -1 0 1 0 0
1.095064 0.837408 0.955410 3.080845 3.256933 9.786138
0.788767 5.064913 9.009715 1.541620 1.001262 11
36 33 100
-1 0 0 0 1 0
0.926774 0.964519 0.965782 4.309057 4.725209 1.756016
0.808428 3.039627 8.846011 2.530478 1.049543 5
-36 90 -42
0 0 1 0 -1 0
1.061266 0.799295 0.894598 3.648920 7.554970 6.415410
0.900371 7.579385 2.679874 1.761894 1.100105 8
-24 -91 24
-1 0 0 0 -1 0
0.943307 1.123273 0.862026 3.580188 1.094963 8.217135
0.960269 7.620721 2.889125 2.852980 0.985200 9
25 27 4
0 0 -1 -1 0 0
0.836563 0.919430 0.987755 4.406189 3.653664 9.132966
1.050280 5.421223 6.456797 1.511127 0.998486 7
17 -69 28
1 0 0 0 0 1
1.107777 1.077868 0.944744 3.039020 9.346752 11.209982
0.820346 7.451083 5.645813 2.801109 1.083090 5
-92 66 86
1 0 0 0 1 0
1.102226 1.043542 0.956758 4.472874 5.478228 3.908013
1.108193 5.667262 1.054415 2.025399 1.004267 9
-75 -13 -60
-1 0 0 0 -1 0
0.949673 1.083643 1.123333 4.210957 5.335289 3.941730
0.793238 7.238529 6.480408 1.932498 0.843037 4
65 66 -64
-1 0 0 0 1 0
1.146388 0.837056 0.954911 3.394139 5.206295 11.822371
0.885149 7.734378 6.933674 1.856742 0.960678 1
-49 17 25
-1 0 0 0 0 -1
0.806329 1.133426 0.798931 3.996190 1.620640 9.104981
1.020621 5.363633 8.106261 2.319608 0.821560 6
-73 -2 -60
0 0 -1 0 1 0
1.148302 1.101603 1.003012 4.098111 1.250032 4.329168
0.922030 3.780248 1.096506 1.516406 0.845277 4
89 63 26
0 0 -1 0 -1 0
1.123124 1.012304 0.852868 3.448074 12.498584 1.836866
0.862024 5.411199 3.410081 2.451525 0.874684 2
-12 2 73
0 1 0 -1 0 0
1.031918 1.014079 1.072272 3.435488 4.782602 5.257247
0.789994 6.072037 3.463372 1.829152 0.964906 11
39 59 -70
1 0 0 0 -1 0
0.941454 1.099660 0.855926 4.253636 13.137673 5.758249
0.871674 4.718722 8.906928 2.333193 1.148564 7
95 79 8
1 0 0 0 -1 0
0.865844 1.116979 0.797224 4.052336 11.954453 10.509571
1.070506 6.106161 9.138151 2.902507 0.950619 10
27 -34 -59
1 0 0 0 1 0
0.996631 0.817007 0.931590 3.083951 4.582276 2.481322
0.813864 6.591984 6.698792 3.013531 0.959941 4
58 -52 -94
0 0 -1 0 -1 0
0.868068 0.880960 1.088624 3.422656 11.607261 6.281668
0.989977 3.842858 3.791610 2.245665 1.078913 1
37 -77 -2
0 1 0 0 0 1
0.962101 0.962514 1.136869 4.362127 4.154176 6.847967
1.094447 8.839264 6.571672 3.372440 0.842448 10
-27 -59 -84
-1 0 0 0 0 -1
0.917885 1.094034 0.930675 4.195776 2.452690 9.128607
0.938418 6.979688 8.179339 2.484320 1.084375 5
100 78 -42
-1 0 0 0 0 1
0.896643 0.851331 1.133997 4.389052 2.440690 8.046108
1.128204 5.551340 1.936021 1.690225 0.890966 6
73 -56 -82
0 1 0 0 0 -1
1.149641 1.136081 0.816747 3.147550 6.394035 6.437690
1.040450 9.208499 8.591150 1.410311 1.066766 6
-38 52 47
-1 0 0 0 1 0
0.830678 0.922650 0.952494 4.293447 10.108844 9.361169
0.920827 6.831611 4.933925 3.081890 1.009269 8
-96 -85 9
0 0 1 1 0 0
0.797744 1.022771 0.916794 3.605566 12.700258 9.332838
0.963124 7.118428 2.937390 1.266403 1.043889 3
-56 23 -10
1 0 0 0 0 -1
0.820858 1.027104 1.148916 4.306141 12.596207 11.349166
0.993027 5.700410 5.828818 1.638141 1.006091 6
-51 -9 -49
0 0 1 0 -1 0
1.138567 0.848432 0.999802 3.523084 6.614283 9.915744
0.988822 5.049144 1.581339 2.105354 0.895760 5
56 100 -59
0 1 0 -1 0 0
0.851256 0.985607 1.012592 4.532228 9.727719 9.539354
1.008193 5.034248 7.349104 1.327797 1.113720 6
-60 78 91
1 0 0 0 -1 0
0.813157 1.102593 0.788420 3.543014 7.975278 1.341894
1.032491 4.555651 7.241089 1.695916 1.083734 11
92 -12 49
0 0 -1 0 1 0
0.954079 0.940614 0.898968 4.105383 6.833796 6.436369
0.962554 8.354760 1.685316 3.408955 0.840103 9
-15 -63 -21
0 -1 0 0 0 -1
0.977831 1.103368 1.137606 4.611639 12.219770 13.108290
1.108325 8.745880 5.910424 3.512866 1.044445 4
39 -32 46
0 1 0 0 0 -1
0.964097 0.973462 0.975889 3.366062 7.353206 1.179128
1.125502 8.653610 3.908458 2.936786 0.836046 7
-36 -48 18
0 -1 0 1 0 0
1.102695 0.880493 0.874287 3.592449 9.746583 6.181632
0.791386 5.411973 4.700553 1.752493 1.035444 1
2 -79 38
0 1 0 0 0 -1
0.904580 1.053883 0.985791 3.671933 10.376377 1.718866
1.118496 4.382717 5.922662 2.903360 0.844370 9
-25 33 28
0 1 0 1 0 0
0.945078 0.942132 0.797941 3.114803 5.766008 6.623649
1.081934 6.196804 2.242484 2.335766 0.851557 5
4 -46 -80
-1 0 0 0 1 0
1.097849 0.863419 1.124891 4.452793 6.615850 3.077107
1.150710 8.985432 9.268030 2.652201 0.983366 3
86 23 87
-1 0 0 0 1 0
1.074511 0.799995 1.023383 4.419789 8.436372 3.795203
0.943404 3.218048 5.306359 1.915964 0.861422 10
92 24 -17
0 0 -1 1 0 0
0.919279 0.973654 1.103359 3.589726 9.999833 8.193721
0.929671 6.916699 1.888937 1.056077 0.961780 6
49 -5 -77
1 0 0 0 0 -1
1.078481 1.131534 0.960980 3.465603 8.716842 5.249801
0.987327 7.469528 2.017981 3.000906 0.835075 4
-74 -80 53
0 0 1 0 -1 0
0.827422 0.825889 0.845559 4.382665 2.801370 5.384749
0.810352 5.087237 5.048519 1.463717 0.797749 11
-63 -100 67
-1 0 0 0 0 1
0.873126 1.032749 1.128132 3.066802 6.235892 12.608593
0.795537 5.767446 4.371074 3.080985 0.943311 9
-21 5 73
-1 0 0 0 0 -1
0.890077 0.853485 0.870251 3.240317 5.600371 7.471419
0.833608 3.418124 4.637235 2.986448 0.804187 11
-76 81 -79
0 0 1 1 0 0
0.857191 0.831422 0.808953 4.067541 3.114711 7.558041
1.022836 8.078794 5.914380 3.522578 1.003694 11
-18 -94 -35
0 1 0 -1 0 0
1.037986 1.079712 1.140843 3.183469 6.840282 5.988411
0.894989 6.718440 7.353888 1.578811 0.927581 3
-46 47 16
0 1 0 0 0 -1
0.810908 0.891094 0.864118 4.332556 10.706982 6.040872
1.019293 5.757546 4.488063 1.187536 0.810641 9
48 -73 18
0 1 0 0 0 1
0.947694 0.936917 0.796050 3.279793 13.223628 5.087011
0.992922 7.030098 3.973459 2.521317 1.034804 5
88 -17 -34
0 -1 0 1 0 0
0.995583 1.077118 1.124538 4.547797 7.359603 8.563764
0.825655 6.191185 1.077874 1.403485 0.892807 7
4 86 55
0 -1 0 -1 0 0
0.891348 0.931026 1.008052 3.248790 7.351935 3.864255
0.850430 4.231302 3.799073 1.793885 1.094517 10
-68 -54 56
0 0 1 0 1 0
0.826268 0.886100 0.907768 3.416835 7.766816 12.786677
0.931032 4.039954 6.949955 3.429703 1.087580 3
5 93 32
-1 0 0 0 0 -1
1.092984 0.893701 1.073940 3.725042 2.967210 8.583808
1.136989 6.175684 9.139315 2.793471 1.098991 11
-87 25 67
-1 0 0 0 0 1
0.837100 0.941338 1.064196 4.446591 12.240677 11.456813
0.896762 4.674541 4.468374 2.585984 1.013294 9
-12 80 -6
0 0 1 0 1 0
1.054863 0.899673 1.104232 3.486037 10.732416 10.513550
0.855271 3.048093 9.257688 1.685932 1.048727 7
-91 44 -70
-1 0 0 0 1 0
0.846169 1.042498 1.056196 4.409327 2.428707 1.679705
1.151260 3.208074 6.916027 2.409848 1.113209 9
17 22 -95
0 0 1 1 0 0
0.919192 1.011286 1.000597 4.321612 6.326294 3.246049
0.993965 5.621948 5.584287 1.831605 0.881215 8
75 -11 -78
0 0 -1 0 1 0
0.982983 0.936924 1.142871 4.404272 11.712598 10.248508
0.928029 8.117983 2.348906 2.042620 1.018233 9
40 -93 37
0 0 1 0 1 0
0.914833 0.859103 0.880204 4.066312 6.126696 5.647601
1.121661 6.111105 4.535861 3.039731 0.843744 8
56 -75 -90
0 -1 0 1 0 0
0.886825 1.085498 0.914523 4.264362 1.222457 9.839160
0.938348 5.571147 3.534604 2.017296 0.927546 8
14 3 -76
0 0 1 1 0 0
1.070670 0.835287 0.991964 4.205139 13.205318 9.685518
0.838365 4.605312 4.878856 2.232268 0.839178 7
-68 -79 -22
1 0 0 0 1 0
0.914404 0.799048 0.792120 4.219632 11.489796 9.443332
0.962264 3.063325 5.137617 2.325514 0.906314 10
-97 -4 38
1 0 0 0 0 1
1.034664 0.918314 0.787873 3.180040 6.672143 5.868406
1.108779 5.764494 6.627596 1.208409 0.845788 11
15 -24 -13
0 1 0 1 0 0
0.824869 1.097770 1.056979 3.055267 7.281735 6.081076
1.087562 3.939601 8.998203 2.822786 0.910734 9
3 21 -34
0 1 0 -1 0 0
0.947543 0.907679 1.022621 3.826251 8.681058 3.556148
1.096363 3.095351 6.473790 2.302527 0.905536 5
71 -12 61
0 0 -1 -1 0 0
0.892670 0.808635 1.088187 3.647631 2.121567 6.194371
0.820751 7.327671 2.110543 1.390726 0.943799 8
-66 -52 -53
0 -1 0 -1 0 0
0.951276 1.039373 0.879674 3.003816 2.199004 4.871343
1.075712 3.904862 1.783333 2.835099 0.975311 4
39 67 78
0 0 -1 0 -1 0
1.044472 1.081221 0.927320 4.100276 3.434534 5.991522
1.074699 6.613012 2.559775 2.183117 1.130854 9
7 -6 -96
0 0 1 1 0 0
0.839311 0.951096 0.868285 4.086514 12.317888 3.101814
0.958607 7.633241 2.529831 2.145964 0.862727 3
43 59 -92
-1 0 0 0 -1 0
0.941274 1.046896 1.043816 3.218398 11.287807 9.066405
0.989544 7.494345 1.213267 2.402245 1.014098 10
17 63 62
1 0 0 0 0 -1
0.860442 0.853669 1.034979 4.019720 1.626235 10.311713
0.928742 7.516372 4.409646 3.540196 1.023512 8
11 -45 11
1 0 0 0 1 0
1.035498 0.957483 1.098741 4.053428 10.725157 8.886004
1.059255 5.007566 1.454764 1.788527 1.112206 3
15 -92 38
0 1 0 0 0 -1
1.107800 0.888892 0.989488 4.386496 3.973299 11.611173
0.999163 7.454851 4.467091 2.288735 0.871880 4
97 -1 39
1 0 0 0 1 0
0.968375 0.792797 0.807055 3.542295 4.205701 1.607925
0.946139 8.935279 4.982997 2.813339 0.852519 8
85 -64 -65
-1 0 0 0 0 1
1.106175 0.814877 0.887570 3.108932 1.309400 10.004112
1.012801 5.912687 7.277751 3.337761 0.855470 5
72 -75 -100
0 -1 0 0 0 1
0.910488 0.884992 1.048436 3.705475 7.594967 7.937479
0.925334 5.499782 6.311995 3.208795 1.018482 10
-97 -98 75
0 1 0 0 0 1
0.820017 0.984262 0.947774 3.284015 2.195726 7.864093
1.052791 6.786001 9.239211 1.110331 0.926246 8
19 80 79
0 0 -1 -1 0 0
0.828912 1.111913 0.816757 4.030632 12.773554 10.184598
1.080689 6.874671 4.340380 1.934557 1.139704 1
93 86 -94
0 0 1 1 0 0
0.809970 1.149568 0.952479 3.266002 5.559592 3.002295
0.868926 8.349505 8.702321 2.523782 0.944984 2
74 68 11
0 -1 0 -1 0 0
0.962205 0.787659 0.964133 3.330192 11.879938 10.993258
0.867624 3.722078 6.625976 1.436703 0.933798 1
-14 -86 -97
-1 0 0 0 0 -1
0.841649 1.109517 1.013241 3.407098 9.722734 3.947175
0.955743 7.854634 8.060542 1.624391 0.969845 11
-49 20 5
0 0 -1 0 1 0
1.077344 0.942750 0.945552 4.535033 5.221945 9.409178
0.790735 8.969919 8.950898 2.907413 0.937832 6
21 -70 -56
0 1 0 1 0 0
0.923689 1.099229 1.028602 4.315185 9.195156 3.739528
1.135661 6.069795 6.565841 2.144607 0.880520 6
-94 -87 50
1 0 0 0 0 -1
0.999183 0.977288 0.964107 3.913334 8.215592 2.393169
0.826621 3.201437 6.128088 3.027238 0.900025 3
-21 -92 33
0 1 0 0 0 1
1.071434 1.094802 1.142145 4.531302 13.196691 3.929296
0.898896 7.209885 3.042982 1.867970 0.837548 11
-72 13 37
1 0 0 0 1 0
0.970646 0.967292 0.875605 3.281209 11.942341 12.590821
1.012153 8.702205 2.649333 2.780940 0.966682 11
93 86 -96
0 0 -1 1 0 0
0.827142 0.790498 0.876008 3.301044 3.709855 5.601244
0.883746 8.353338 3.307178 2.186301 1.017511 1
30 -60 41
0 0 -1 0 -1 0
0.956794 0.793124 1.030569 3.420785 4.431341 12.764819
0.897179 5.620920 2.431160 2.085014 0.968223 5
69 -51 -67
0 0 1 1 0 0
0.901549 1.064711 1.008568 3.523518 5.309007 13.006274
0.855215 3.624366 1.017470 1.040039 0.966193 3
-52 -73 23
0 1 0 0 0 1
0.834505 0.828838 0.959830 3.389732 1.899526 3.185676
0.940438 6.099374 1.670737 2.017533 1.050602 3
