0 0 0
5 0 0
29 1 29
59 1 59
136 1 136
146 1 146
184 1 43
9 0 0
7 1 168
23 1 134
26 1 184
33 1 154
41 1 126
54 1 127
103 1 103
135 1 12
176 1 176
5 1 0
102 1 102
106 1 62
115 1 84
125 1 125
126 1 41
147 1 53
6 0 0
79 1 143
82 1 192
130 1 93
131 1 68
141 1 78
159 1 79
1 1 0
39 1 187
13 1 154
4 1 0
1 1 119
47 1 162
164 1 68
188 1 74
12 1 135
4 1 0
66 1 163
80 1 106
87 1 87
155 1 53
45 1 145
2 1 0
58 1 192
178 1 13
151 1 97
2 0 0
16 1 193
198 1 16
2 2 0
71 1 71
166 1 166
20 1 181
91 1 168
0 0 0
3 1 0
35 1 189
108 1 65
128 1 96
199 1 26
1 1 0
138 1 138
145 1 45
1 1 0
123 1 51
169 1 91
0 1 0
142 1 85
3 1 0
62 1 152
85 1 173
113 1 68
193 1 27
1 1 0
9 1 134
69 1 187
2 0 0
56 1 56
57 1 189
1 0 0
158 1 158
2 0 0
43 1 105
183 1 68
1 0 0
84 1 181
3 2 0
36 1 182
144 1 47
191 1 89
28 1 152
124 1 124
2 0 0
93 1 134
181 1 72
1 0 0
4 1 154
1 1 0
161 1 77
132 1 74
1 0 0
72 1 181
1 0 0
110 1 61
0 2 0
94 1 128
109 1 51
0 0 0
1 0 0
177 1 44
0 0 0
1 0 0
173 1 62
1 1 0
97 1 118
154 1 58
2 0 0
77 1 127
170 1 170
0 0 0
0 1 0
65 1 153
0 0 0
2 0 0
83 1 83
112 1 53
1 2 0
52 1 180
18 1 187
175 1 48
1 0 0
11 1 192
0 0 0
2 0 0
48 1 49
168 1 86
0 0 0
1 0 0
64 1 105
0 0 0
1 1 0
105 1 68
49 1 49
1 0 0
163 1 30
0 0 0
2 1 0
81 1 171
180 1 61
196 1 48
2 1 0
14 1 14
186 1 65
179 1 51
1 1 0
92 1 118
150 1 74
2 0 0
78 1 160
160 1 78
0 0 0
0 0 0
1 0 0
192 1 96
0 0 0
1 0 0
25 1 156
1 0 0
40 1 116
2 0 0
24 1 167
68 1 134
0 0 0
0 1 0
50 1 152
0 0 0
0 0 0
0 0 0
0 0 0
0 0 0
0 0 0
1 0 0
121 1 89
0 0 0
0 0 0
0 0 0
0 1 0
165 1 165
1 0 0
60 1 127
0 0 0
0 0 0
1 0 0
70 1 171
0 0 0
1 2 0
133 1 51
116 1 95
139 1 139
0 0 0
1 0 0
37 1 133
1 0 0
86 1 119
0 0 0
0 0 0
1 0 0
38 1 157
0 0 0
0 0 0
0 0 0
0 0 0
0 0 0
0 0 0
0 0 0
0 0 0
0 0 0
0 0 0
0 0 0
0 0 0
0 0 0
0 0 0
0 0 0
