100 100
81 -76 1
-1 0 0 0 0 -1
0.922520 1.279204 0.912262 4.058191 18.357903 45.581135
0.980192 4.673762 2.171243 2.361555 0.968956 24
56 -48 -7
0 1 0 -1 0 0
0.920925 1.059392 1.258562 4.855432 1.155045 31.290921
1.169786 8.095579 5.905054 3.682276 0.970182 9
91 -48 -47
0 0 -1 0 1 0
1.007969 1.016798 1.246344 3.110294 17.033482 14.574063
1.066574 7.173899 7.172278 1.277747 0.930879 2
-87 14 65
0 0 1 1 0 0
1.155098 0.980345 0.840277 4.000155 3.675759 20.360535
1.166062 6.324560 8.107311 1.231024 1.173270 2
-63 50 -98
0 1 0 1 0 0
1.024136 1.049210 1.176140 4.417319 15.017791 12.920108
0.849488 4.029848 5.688775 3.233485 1.022237 19
80 -65 1
0 1 0 0 0 1
1.145699 0.800732 0.912607 4.553845 9.950975 3.478507
1.097825 4.426373 9.134606 1.243621 1.100998 1
-81 -47 37
-1 0 0 0 0 -1
1.301508 1.300857 1.044693 4.322005 19.903335 26.327491
1.138400 4.553042 1.919285 2.003130 1.028661 24
40 73 -9
1 0 0 0 -1 0
1.024428 1.127142 1.300587 4.558881 9.278792 23.832541
0.981689 4.421805 6.893149 1.211246 0.837369 12
-1 9 87
0 0 1 0 1 0
0.916660 1.177544 1.102111 3.289909 1.617956 39.489228
1.030384 7.998444 7.729253 3.364638 0.935115 21
74 -94 55
0 0 1 0 -1 0
1.155736 1.025711 1.180417 3.335906 13.052763 24.676941
1.228992 6.464844 4.482248 2.078133 1.069604 23
-40 -38 79
-1 0 0 0 0 1
1.031520 0.948409 1.210059 5.108250 20.072956 26.656606
1.301549 3.404015 5.205995 1.570699 1.171360 9
47 9 -15
0 0 -1 -1 0 0
1.258327 0.791068 0.856404 3.769853 15.926945 11.761445
0.882300 6.023482 3.796902 2.808344 0.992851 37
-23 -46 87
0 1 0 0 0 -1
1.233225 1.022668 1.301020 3.809660 4.804043 24.033934
0.917495 9.211537 6.818528 2.827474 0.944651 36
46 -48 -52
0 0 -1 -1 0 0
1.102618 0.958475 0.851600 4.433233 16.164248 30.349412
0.808566 5.881562 2.443572 3.274356 0.857574 7
-3 -88 -17
-1 0 0 0 1 0
1.046962 1.001869 1.276337 4.343524 6.104408 25.248846
0.878987 3.499074 5.330716 2.842694 1.245917 44
-71 22 -17
0 0 -1 -1 0 0
1.286386 1.044189 0.814395 3.551283 7.864876 7.298425
1.188058 7.287035 5.043868 1.786186 1.220676 19
-34 33 47
0 -1 0 0 0 -1
1.274640 1.161307 1.200070 3.248764 15.861200 17.695744
1.126092 3.290212 6.544737 2.675340 1.022525 23
-16 68 58
0 1 0 1 0 0
1.236082 0.871841 0.843743 4.371307 12.169409 20.051060
0.969974 3.028413 7.413297 2.812281 1.133030 20
62 59 -86
0 0 -1 -1 0 0
1.167575 0.829524 1.094469 4.536626 1.988957 6.574022
1.161383 7.319383 5.736788 1.165520 0.876628 19
67 -93 -55
-1 0 0 0 0 -1
0.835338 1.003299 1.187745 3.532182 6.598700 17.748712
1.048769 7.456858 4.541290 1.655507 1.032856 25
57 -2 62
-1 0 0 0 0 1
1.191880 0.815497 0.830668 3.925435 12.232322 43.331470
0.988978 4.104303 5.346429 1.168228 1.067350 24
-83 32 51
0 -1 0 -1 0 0
0.949883 1.246422 1.218341 4.045508 18.845197 4.953238
1.039663 5.119634 8.998574 3.157861 1.079549 11
-21 26 42
0 0 -1 1 0 0
1.218718 1.039699 1.230028 5.265189 3.142798 18.051046
0.980687 3.715920 7.616611 1.538852 1.182941 23
-59 72 22
0 1 0 0 0 -1
1.082875 0.864582 0.924939 5.170097 8.909328 31.504799
1.260009 5.445007 7.081675 1.682536 0.813490 39
-23 1 -23
0 0 -1 1 0 0
1.176532 0.872235 1.078173 3.290501 3.183510 25.501762
1.175703 8.795481 3.846046 2.367255 1.032020 43
-31 53 29
0 0 1 1 0 0
0.910122 0.820403 1.078271 3.297796 20.311269 40.999706
1.189190 9.243099 7.868026 1.341814 1.013937 14
-44 -2 -27
1 0 0 0 1 0
0.870761 0.860763 1.050675 4.158001 13.640493 31.369754
1.226452 4.506341 3.647594 1.199726 1.181541 43
13 3 34
0 0 -1 0 -1 0
0.851823 0.948907 1.009178 3.352850 11.376332 18.748731
1.191956 3.680568 4.694922 2.595383 1.108657 18
26 -15 80
0 -1 0 0 0 1
1.045385 1.145937 0.828542 4.244550 6.352482 10.049216
1.116273 4.308198 1.449314 3.232436 0.884825 35
9 -33 -97
0 1 0 -1 0 0
1.122316 0.965447 1.144910 4.433463 5.024075 29.194265
0.895726 5.416648 3.213994 3.041943 0.799726 41
-2 13 5
0 0 1 -1 0 0
1.298247 1.013151 0.871593 5.165793 8.023829 25.362353
1.169076 6.424152 6.271697 1.351545 0.932601 9
54 -9 -19
-1 0 0 0 0 -1
1.092838 0.996033 0.906395 5.322276 11.465884 18.351836
1.098018 5.653812 8.849587 2.623750 1.265320 30
-12 -11 86
0 0 1 -1 0 0
0.846321 1.215843 0.897977 3.745493 9.403473 30.506679
1.218141 4.760561 5.358186 1.674177 0.822609 41
-76 34 37
0 0 -1 -1 0 0
1.077162 1.256635 1.062628 3.678253 4.905234 29.809037
1.122699 7.356125 6.112558 3.394523 1.303631 28
30 32 63
0 1 0 0 0 -1
1.050488 1.077430 1.144051 5.047371 4.231348 17.974506
1.024282 6.886776 6.276430 1.190112 1.153678 38
21 24 69
0 -1 0 0 0 1
0.843090 1.296986 1.228745 3.525402 14.460761 2.549307
1.047488 4.805550 7.690317 2.822887 1.172376 27
-22 -68 -60
0 0 1 -1 0 0
0.850709 0.992603 1.209506 4.274127 3.609510 3.307745
0.876252 7.179125 1.362087 1.376805 0.987058 39
-29 -34 -43
0 1 0 0 0 1
1.063110 1.245059 1.074820 3.662890 4.548471 18.352441
0.984259 5.838167 3.962001 1.339170 0.932171 46
96 -27 -58
0 -1 0 -1 0 0
0.964881 1.076567 0.989811 3.050192 13.020655 42.426002
1.034588 7.969454 8.941159 1.618678 1.219526 38
29 64 0
0 1 0 1 0 0
0.878987 0.938627 0.851404 4.726046 1.819200 30.633757
0.974811 5.507834 6.515399 1.395543 0.874219 11
46 -48 55
0 1 0 0 0 -1
1.030463 1.096169 1.169649 4.942662 1.813640 9.918573
1.117400 7.074351 8.070638 3.114314 1.103369 10
-48 -1 98
-1 0 0 0 0 1
1.041244 0.953939 1.151862 4.196828 11.655406 11.632099
0.830408 7.096944 6.550217 3.261521 0.850127 18
-15 55 31
0 1 0 0 0 1
0.815351 1.257337 1.139336 4.245648 2.713184 9.435020
1.269817 8.473490 6.328943 3.536737 1.048967 35
59 33 -37
0 -1 0 0 0 -1
1.286336 0.797386 1.064854 5.096220 11.038544 7.069557
0.872305 6.415328 4.139321 2.079463 1.177228 11
88 -7 42
0 0 -1 -1 0 0
0.868948 0.872145 0.821769 4.894785 20.228170 18.406596
1.063085 7.098220 1.699274 1.521889 1.186138 6
16 84 38
0 -1 0 1 0 0
0.838580 1.225953 0.806635 4.392332 22.188923 19.209328
0.847166 4.235764 3.603306 2.515319 0.902695 19
-71 -64 -23
-1 0 0 0 1 0
1.187690 1.238583 1.139477 5.285372 3.233878 17.722023
1.167630 6.057852 8.708489 2.006392 1.084290 19
-98 54 62
0 1 0 0 0 -1
1.187276 1.287604 1.159094 3.379903 15.795375 15.837111
1.053449 7.907061 7.797312 1.133168 1.243409 33
-94 53 77
0 1 0 0 0 -1
0.827090 0.890599 1.265993 4.273302 10.218957 20.639286
0.801015 5.144712 2.445559 2.506888 1.279271 42
-58 -63 76
1 0 0 0 0 -1
0.877845 0.840706 1.141708 3.774216 3.355943 15.179237
1.297971 9.244175 7.430878 2.616625 1.014553 8
-94 -70 97
1 0 0 0 0 1
0.837796 0.941443 0.793291 3.746351 15.844932 30.105156
0.928547 5.766018 6.167944 2.944991 0.912676 34
60 -21 48
0 -1 0 0 0 1
0.992942 1.026030 0.813511 3.220692 7.176168 42.480500
0.911113 9.297638 5.685138 1.973307 0.991448 3
23 85 85
0 0 -1 0 1 0
0.917171 0.915299 1.172147 4.348248 10.818926 45.029817
0.787760 7.676659 3.176831 2.959922 0.848962 33
50 90 35
0 1 0 -1 0 0
1.036105 0.823658 1.270306 5.192474 7.370800 41.302300
0.792261 8.798133 2.780744 2.208740 1.194542 29
2 74 72
1 0 0 0 0 -1
1.040880 1.061958 1.202452 4.468714 3.764770 44.295947
1.104404 3.560354 5.758948 2.875882 0.985141 16
42 -40 9
0 -1 0 1 0 0
1.203001 1.026150 1.139986 4.308107 13.377347 11.901979
0.941520 4.100897 2.502510 1.564085 1.072758 42
48 60 59
0 0 1 0 -1 0
1.197370 1.272033 0.866209 4.847788 13.047891 2.375768
1.053549 8.318779 4.639172 2.222167 1.116986 27
-4 -25 -28
0 0 1 0 1 0
1.270791 0.984888 0.865104 3.632457 17.789999 13.715982
0.902758 7.553667 8.498252 1.155578 1.282271 41
-25 -88 24
0 0 -1 1 0 0
0.919120 1.101344 1.099188 4.761023 11.844677 10.876310
0.788603 4.913372 1.135902 3.106977 0.832136 37
65 72 -62
0 0 1 -1 0 0
1.197280 0.919433 0.959178 3.283412 10.020428 42.240173
0.924342 6.724913 6.302672 1.996722 1.211064 13
39 -88 47
-1 0 0 0 0 1
1.160308 1.012652 1.245451 5.116362 9.524984 30.233831
1.206371 7.934872 1.338198 2.117641 0.986420 30
21 19 -81
0 0 -1 -1 0 0
1.253886 0.788649 1.060364 4.818999 21.093534 27.064387
0.945186 7.364614 8.943676 3.276567 0.857595 33
-68 -35 99
1 0 0 0 1 0
1.172230 1.255220 0.863767 4.313490 15.048787 5.313273
0.825824 7.018972 1.239722 2.058574 0.825558 19
-26 95 49
0 0 -1 0 -1 0
1.167700 0.846062 0.805656 4.526343 9.217773 23.999294
0.932460 5.982164 2.977136 1.961529 1.032962 37
-62 -89 89
0 -1 0 0 0 -1
1.129558 1.168243 0.906677 3.127462 13.993458 15.823405
1.092377 9.105346 6.391809 2.730573 0.951598 19
-13 81 -78
-1 0 0 0 -1 0
1.295162 1.053988 1.290241 4.203793 13.861257 39.490398
0.972274 4.896098 6.866816 1.732856 1.154406 44
92 54 -48
0 0 -1 1 0 0
1.117438 1.211198 1.225419 3.058914 11.502146 12.506365
1.094060 8.626647 8.697479 2.552014 1.086414 29
-24 73 -2
0 1 0 0 0 -1
1.078200 0.839979 0.875965 3.122815 19.721232 42.277265
1.280940 8.536382 1.895762 1.855894 1.013441 28
90 -12 81
0 0 -1 1 0 0
1.152389 0.876786 1.015432 3.049451 4.837330 42.882437
1.074901 4.851470 6.887315 1.365521 0.980968 42
-100 -62 65
0 1 0 1 0 0
1.022880 0.973689 0.861176 3.243981 6.149577 43.220612
1.248565 4.989720 1.273490 1.483201 1.025055 16
-98 7 -65
-1 0 0 0 0 -1
1.273117 0.787524 0.875716 5.338022 9.507337 19.233926
1.265462 3.990855 4.403396 3.551472 0.838301 3
0 -84 -95
0 0 -1 0 -1 0
0.813893 0.922523 1.104311 3.853012 2.631347 27.791952
1.088520 9.258514 3.231347 3.283874 1.292220 10
-39 -65 45
1 0 0 0 1 0
1.226696 0.891531 0.937933 4.567870 10.250881 19.008229
0.973529 4.676719 5.139241 2.275022 1.197039 23
90 32 81
0 0 1 1 0 0
1.135967 1.131131 1.168746 5.007916 11.920334 38.353790
0.926029 8.129792 3.680931 1.140025 1.180208 27
-84 40 -9
0 0 -1 1 0 0
0.921898 0.829516 1.203367 4.001776 16.178865 25.673712
1.258927 4.395912 5.396219 1.261034 0.925131 37
-8 -96 45
0 -1 0 -1 0 0
0.789891 1.238553 0.819484 3.673392 9.834631 40.106697
1.232550 9.283143 5.869268 1.258160 1.198359 4
63 93 -45
1 0 0 0 0 -1
1.076647 1.090800 1.126589 4.733865 4.172797 35.253726
1.083744 8.923532 1.088754 1.410241 0.874717 42
96 28 93
0 1 0 0 0 -1
0.857134 1.118501 1.009013 3.631374 17.955531 12.746551
1.089880 8.076872 3.895661 3.192909 0.854950 41
49 -9 93
0 0 -1 0 -1 0
0.794108 0.828000 1.042228 3.836067 17.184587 14.090640
0.852384 7.855308 7.505706 3.239595 0.881451 14
4 33 -78
1 0 0 0 0 1
0.992148 1.303199 0.785467 5.155920 4.643791 1.348536
1.014793 7.109302 3.918863 1.336878 1.277405 28
-94 -66 -23
-1 0 0 0 -1 0
0.825687 1.148383 0.846479 5.284515 19.118241 28.886735
1.114714 6.153192 2.241462 2.893807 1.101552 22
7 -14 -20
0 -1 0 0 0 1
1.189879 1.068277 0.832726 3.270325 11.143387 41.551653
0.974134 4.965158 5.170425 3.087017 0.809347 32
2 -36 -77
-1 0 0 0 0 -1
1.285546 1.131589 0.931981 4.246710 3.694228 35.233180
0.902793 3.069159 7.139537 1.338196 1.083762 12
-49 -74 -35
0 -1 0 1 0 0
1.239095 0.975327 1.248650 3.940417 12.526268 33.153797
0.788196 6.255398 1.325736 1.139554 1.247395 30
-93 -3 -60
0 0 -1 0 -1 0
1.064095 1.019105 1.213245 5.107815 4.506329 42.594690
0.871293 7.272075 8.767963 1.066142 1.262418 12
-4 -53 -16
0 0 1 -1 0 0
1.027300 1.151922 1.147271 4.299978 15.389191 41.828081
0.816287 7.320927 5.118506 2.930346 0.838948 17
93 22 -98
0 0 1 0 1 0
1.032347 1.232575 0.932488 4.474062 1.576350 8.269851
1.100695 3.939041 8.535374 1.589573 0.804020 9
53 37 -52
0 1 0 0 0 -1
0.975342 0.927504 1.246985 3.463266 8.865205 31.285774
0.904352 6.203462 1.656740 3.036426 0.881412 13
26 -45 -7
1 0 0 0 -1 0
1.003495 1.227025 0.959273 3.095864 17.378992 13.013688
0.938442 5.299312 2.092492 1.683173 1.264973 12
85 56 67
0 0 1 -1 0 0
0.851728 1.130396 1.303979 3.080218 11.208306 21.552720
0.812455 4.009308 7.493360 3.613778 1.272641 29
-52 -49 64
0 0 1 1 0 0
1.125118 1.269926 0.891049 3.469002 21.274399 20.506312
0.794360 8.046803 9.047105 1.144180 0.861914 20
-26 0 32
-1 0 0 0 0 1
1.129797 1.159046 1.240567 4.089069 18.586254 3.396320
1.097345 3.578894 1.988695 1.194234 0.964368 43
73 57 93
0 1 0 -1 0 0
1.090674 0.846405 0.847088 5.204409 14.374588 9.922369
1.166696 7.523547 8.471738 1.184983 1.000286 21
-70 -43 -69
1 0 0 0 0 -1
0.994825 0.881620 1.219927 3.936917 18.266489 20.809046
1.203853 4.998145 6.108799 2.832663 0.791038 43
43 57 -68
-1 0 0 0 0 1
1.256389 1.192610 0.878841 4.838557 18.097676 3.409337
1.045614 5.424097 1.113474 1.693077 1.064391 35
-24 -45 -93
0 0 -1 -1 0 0
0.830695 0.824869 0.938056 3.137228 17.453285 38.967722
1.264340 8.463527 1.054693 3.325901 0.957594 22
31 -41 -93
0 1 0 0 0 1
0.967037 0.886186 1.139428 5.023312 5.612918 38.577869
1.285012 8.012166 6.111767 1.961356 0.932623 20
-7 -42 82
0 -1 0 0 0 -1
1.113107 0.999531 1.071492 3.978063 16.608921 12.795969
0.940442 5.434005 1.687892 1.403752 1.071781 1
23 -57 -68
-1 0 0 0 0 -1
1.003182 1.111828 1.105127 3.100140 21.565257 34.723933
1.028791 6.590437 1.883201 1.864894 1.067187 4
77 -66 -2
1 0 0 0 -1 0
0.972804 0.928770 0.941870 4.346749 10.668655 33.249703
0.909432 5.601803 2.938385 3.274480 0.990892 11
11 -73 -59
0 -1 0 1 0 0
0.875880 0.867544 1.055672 5.358861 1.372870 22.731382
0.786890 7.579905 1.341515 3.634375 1.256013 28
-11 68 -61
0 1 0 0 0 -1
1.183915 1.000502 0.882000 3.884204 10.293226 40.842764
0.945675 4.020413 1.916234 3.355023 0.942707 1
-44 -81 -25
0 0 -1 0 1 0
1.192839 1.258972 1.062735 4.918905 15.845866 36.742565
1.297139 4.092850 2.876442 3.107012 1.055684 19
-50 -74 25
0 1 0 1 0 0
1.213425 1.077882 1.081135 4.451302 10.076767 13.467233
0.866678 7.598110 8.627511 2.334195 1.079075 42
-8 83 56
0 0 -1 -1 0 0
0.965539 1.167974 0.851171 4.589041 17.922166 7.319760
1.146684 6.248708 2.889977 2.102755 1.244234 4
1 20 -83
0 0 1 0 1 0
1.179068 0.788550 0.981276 4.389810 15.975290 37.865305
1.087233 8.048983 9.144535 3.472605 1.143575 22
16 22 -43
0 1 0 0 0 -1
0.904789 1.276420 1.102344 3.996476 1.447426 1.788249
0.794180 3.616687 8.977781 3.054086 0.899940 25
-85 -98 63
1 0 0 0 -1 0
1.299102 1.106334 0.989955 4.729374 21.592865 5.458851
0.908810 4.936378 8.351290 2.567208 1.054323 46
-5 -48 75
0 -1 0 1 0 0
1.124134 1.062311 1.100928 4.156553 16.719230 21.273969
1.144464 4.165206 5.574717 1.145048 1.071049 4
-78 -38 20
0 -1 0 1 0 0
0.845992 0.899814 1.252937 5.311923 5.803577 36.195070
0.945664 5.708972 6.001001 3.706771 0.817548 27
-77 -98 51
0 0 -1 1 0 0
1.179091 0.948141 0.827717 5.066392 3.419658 21.277771
0.810924 7.513045 4.462872 2.449727 1.238464 9
39 68 25
-1 0 0 0 0 1
0.890379 0.884550 0.832694 5.112455 12.522065 29.223230
1.249617 3.573100 9.182983 2.515058 1.202639 30
-65 96 -33
1 0 0 0 0 -1
1.088840 0.800530 0.909757 3.279674 21.910448 26.787409
0.876959 6.119807 7.860958 3.115704 1.110257 15
43 29 -58
0 -1 0 0 0 1
1.076157 1.266837 0.862964 4.054422 9.414880 45.193478
0.907388 4.709114 9.139203 3.673697 1.162350 39
-34 -78 -36
-1 0 0 0 0 -1
1.070061 1.257903 1.193405 4.922223 22.069371 16.105469
1.146467 4.606231 2.440683 2.408702 0.973438 13
33 68 -12
-1 0 0 0 0 1
1.298809 1.013334 1.055835 3.393382 22.213674 7.564844
1.296364 7.957280 4.415378 2.006330 0.824852 12
-57 -16 81
0 -1 0 1 0 0
0.842198 0.795290 0.840814 4.613029 17.404941 25.944498
0.817115 4.491469 1.117678 1.111006 1.092172 14
56 4 33
0 0 -1 -1 0 0
1.226102 1.012821 1.182338 4.820382 5.565283 27.286511
1.276429 8.688294 2.756496 3.496351 0.939534 32
50 -88 15
1 0 0 0 -1 0
0.822221 1.263450 0.972102 3.726495 15.853958 29.042902
1.129342 8.070848 9.044104 3.071772 1.102078 25
33 -91 95
0 1 0 -1 0 0
1.182279 1.289602 0.994729 4.374202 3.928641 39.117267
1.113135 7.859147 1.920001 1.234860 1.085004 1
94 -73 15
0 0 1 0 1 0
1.095498 1.202811 1.136272 3.666317 11.458094 20.321022
0.891250 4.745284 3.584328 1.231520 1.116827 10
98 -100 -20
0 0 1 0 -1 0
1.141655 0.815414 0.816309 5.054863 22.224060 25.518863
0.888958 4.670385 6.341724 1.516384 1.093523 12
-63 -79 81
-1 0 0 0 0 1
1.007162 0.969867 1.027936 3.326652 15.905861 2.939918
1.294288 6.851977 2.393969 2.290216 1.292905 1
88 -34 -28
0 -1 0 0 0 -1
1.017050 0.864492 0.993708 5.356877 4.404617 24.607174
0.828582 5.100923 3.504028 2.722646 1.025027 22
-81 -35 15
0 1 0 -1 0 0
0.822529 0.984684 1.130542 5.129326 6.034746 23.288625
0.851987 5.115341 1.650440 3.078813 1.234082 5
49 -35 46
-1 0 0 0 1 0
0.787898 0.976696 0.997556 4.475153 17.351017 35.215433
1.110223 7.427816 6.343676 2.208786 0.961186 17
34 92 22
1 0 0 0 0 1
0.904427 1.097800 1.039766 3.567777 21.449293 22.109787
1.038133 8.800987 7.945604 2.881326 1.076305 7
-83 -60 -71
1 0 0 0 1 0
1.141824 1.081160 1.053332 4.103278 15.672732 39.148599
1.142784 4.549934 8.906467 1.044330 1.078249 35
-73 -67 15
0 1 0 -1 0 0
1.021457 0.915287 0.920204 4.214784 4.596750 21.540352
1.123228 6.982301 1.905528 1.955396 1.191743 45
62 66 85
0 0 -1 1 0 0
0.959503 0.914739 0.881680 3.330821 7.917718 41.890046
0.795222 3.003533 6.474953 2.658478 1.186684 4
-35 76 -12
0 0 -1 1 0 0
1.117244 1.281219 1.097041 3.301799 2.249587 3.690431
0.832771 3.453126 4.549095 3.468179 1.232541 25
45 46 97
-1 0 0 0 -1 0
1.183439 0.985356 1.193300 4.867787 11.954039 36.394354
0.835265 6.850424 5.785786 1.011224 1.272299 6
9 -72 90
1 0 0 0 0 1
1.235409 1.137687 0.870008 4.909473 18.173072 35.353734
0.821427 6.173682 1.749773 1.158269 1.194919 44
-4 26 31
0 0 1 0 1 0
1.259272 1.190889 1.076780 5.260020 20.972664 33.420175
0.824498 8.309128 2.226550 2.852015 0.847288 39
54 2 -22
-1 0 0 0 1 0
1.155937 1.094619 1.171268 4.419340 8.855011 25.700584
1.066430 7.796069 8.570288 1.273285 1.121656 26
-27 -74 -82
0 1 0 0 0 -1
0.803802 1.226521 1.259695 3.070842 19.385003 33.049916
0.948938 3.702582 1.422063 3.601194 1.204195 26
46 37 -17
0 0 1 0 1 0
1.124743 1.134014 0.885860 3.608523 2.510325 17.306504
0.878537 4.404759 6.814130 3.498807 0.885590 31
-43 -79 -50
0 -1 0 0 0 1
1.281073 1.234564 1.046912 3.466249 13.187557 16.756257
1.267490 6.520473 1.228063 3.492241 0.964659 40
92 -60 34
-1 0 0 0 1 0
0.982214 0.923634 1.124335 4.951284 14.839234 31.300691
0.980674 5.490069 7.213768 1.203714 0.955791 16
-61 -92 1
0 1 0 0 0 -1
0.813878 1.234767 1.248107 3.935193 3.753151 43.313598
0.920982 8.106446 8.368776 1.612149 0.955039 10
83 51 82
0 0 1 1 0 0
1.111064 1.109297 0.988334 3.638803 7.311173 4.294116
1.219460 5.225270 3.289430 2.815826 1.032147 43
-85 53 -65
-1 0 0 0 1 0
0.787847 0.941352 1.075214 3.674160 11.326234 45.228307
1.196761 8.404326 3.643167 2.725773 0.816047 8
52 -31 91
0 1 0 0 0 -1
1.283690 1.225516 1.231026 4.119700 17.471003 14.178492
1.120106 7.782368 5.465352 3.064827 0.832479 28
-76 -32 -4
0 0 -1 0 -1 0
1.299360 1.186113 1.166564 4.701740 3.643038 1.435409
1.257687 7.915057 5.276295 2.413263 1.243535 10
80 -18 23
1 0 0 0 -1 0
0.931509 0.810394 1.058708 4.225125 15.457551 21.011008
1.168902 6.599718 5.693729 1.288383 0.924269 36
-42 14 45
0 -1 0 0 0 -1
1.008550 1.048076 1.186751 3.664782 15.682108 44.930806
0.926382 7.056959 2.995295 3.654964 1.128852 26
14 81 49
0 0 1 -1 0 0
1.113821 1.094875 1.212193 3.758626 22.016443 20.188544
1.131541 6.497991 3.578484 2.186473 0.942664 15
22 22 48
-1 0 0 0 0 -1
0.943318 0.841096 1.189983 5.265340 11.469711 45.159137
1.138213 3.914951 4.243294 1.450863 1.092067 12
-12 -70 11
1 0 0 0 1 0
1.096229 0.847957 0.834307 4.831191 1.073325 9.252700
0.977014 3.476421 2.347912 2.385140 0.868140 17
-22 23 67
0 0 1 0 1 0
0.986172 0.930447 1.164306 4.805285 18.746276 14.528186
0.870792 5.286035 2.704781 3.095917 1.230567 16
26 34 -96
0 0 -1 0 -1 0
1.078139 1.027247 0.991273 3.552375 18.383370 5.863824
0.872214 6.380794 9.191952 1.423371 1.051985 33
14 -23 -76
0 0 -1 0 1 0
1.068321 0.965440 1.155109 5.263452 4.675236 37.816699
1.030313 7.798048 8.391974 2.081290 1.002437 41
-69 -1 28
0 -1 0 0 0 -1
0.937053 0.914144 0.849857 3.223101 10.182043 10.871099
0.859280 7.497604 7.534667 2.420482 1.228698 36
-5 -19 85
-1 0 0 0 -1 0
1.083571 1.136243 1.020801 3.013059 5.930491 34.479779
1.260824 6.540381 5.153440 2.099225 1.193914 27
30 93 43
0 1 0 0 0 1
1.152945 1.277538 1.287834 4.920205 1.140107 19.222081
0.849870 4.824416 1.514381 3.675255 0.828100 2
20 58 -45
0 -1 0 0 0 1
1.124004 0.912439 1.097108 5.053073 3.144592 3.224811
1.145956 5.682790 6.613925 1.101467 1.246764 39
-61 73 95
1 0 0 0 0 -1
1.171445 1.217535 0.850426 5.176269 10.576114 14.266954
1.214292 6.758471 1.966034 1.393089 1.180186 16
7 -68 70
0 1 0 -1 0 0
0.970640 1.190746 1.214540 3.443903 20.559544 11.844825
1.170713 3.274980 1.592924 2.148633 1.228480 32
32 -16 71
0 0 1 0 1 0
0.844679 1.160948 0.787100 4.949370 4.602658 15.256108
1.248167 5.014527 4.225645 1.443387 1.274652 15
84 18 53
1 0 0 0 1 0
1.151356 1.079833 1.220044 3.348120 21.251226 7.308218
1.100674 6.722586 4.630410 3.599556 1.033954 12
74 13 36
0 1 0 1 0 0
1.062968 0.854644 1.164829 4.191227 15.198329 26.933762
0.863519 3.112428 8.978936 2.837881 1.159440 10
-66 -76 -29
0 1 0 1 0 0
1.198253 0.859332 0.816284 4.115183 20.368431 45.346473
0.948711 6.554414 3.454884 1.709550 0.858707 24
-10 81 -68
0 0 -1 -1 0 0
1.165785 1.180528 0.789315 4.722463 16.868190 36.460391
0.982075 7.174310 8.613585 2.707382 1.112649 10
-26 87 8
0 0 -1 0 -1 0
1.027236 0.823351 1.266944 3.142176 20.175522 42.690630
1.113542 3.450756 5.441798 1.576134 1.011052 2
-98 27 32
0 -1 0 1 0 0
0.998084 1.061905 1.111285 4.551189 14.990017 3.604015
0.806372 4.926295 5.473937 2.966472 1.079226 24
17 -85 -65
0 -1 0 0 0 -1
0.967875 1.168097 1.120982 3.432020 21.218448 36.459440
0.880745 3.736868 2.026855 3.528632 1.290700 29
-52 -60 6
0 1 0 0 0 1
1.248224 1.116168 1.177670 4.556995 11.237016 24.639915
1.184617 8.528564 2.739115 3.320273 1.168915 11
-63 -47 29
0 0 1 -1 0 0
0.991875 1.013674 1.294527 3.521584 2.208736 26.951346
0.965552 9.152959 2.997961 2.397015 1.153351 43
-70 -42 84
0 0 1 0 1 0
0.932621 1.212960 0.878162 4.102302 19.148784 17.901461
0.789537 6.756536 9.092992 1.435814 0.999656 8
-50 -10 -64
0 0 -1 0 -1 0
0.901001 1.103318 0.835696 4.343585 10.742944 39.238050
1.060913 6.131713 4.133654 2.257146 0.911642 44
-93 7 -6
0 1 0 0 0 1
1.272221 0.930116 0.917633 3.218454 19.217971 18.382014
0.786616 6.369172 3.162604 1.941211 0.877571 21
73 -99 1
-1 0 0 0 1 0
1.163209 0.953716 1.200738 4.773251 13.525073 44.858040
0.989959 3.439983 2.118623 1.195144 1.047361 28
-50 20 -82
-1 0 0 0 0 -1
0.951213 0.939601 0.936615 4.912637 9.384675 23.127855
0.851091 8.363104 4.102074 2.122933 1.278481 43
63 -51 9
0 0 -1 1 0 0
1.121134 0.821289 1.076666 3.123055 9.243773 30.970719
0.802636 4.779413 3.135074 2.199502 0.875329 44
-41 79 42
1 0 0 0 -1 0
0.790348 1.071398 0.804623 4.297489 17.646216 27.309476
0.861661 3.798319 4.451658 3.549505 1.093515 43
-50 -54 45
0 1 0 0 0 -1
0.905719 1.046873 0.819282 4.423061 20.064316 3.660604
1.002779 4.216833 2.575179 2.915871 1.212247 13
50 4 -51
0 1 0 -1 0 0
1.039992 0.885441 1.017245 5.278260 17.514762 31.404277
0.790484 3.626439 4.012245 2.352624 1.007350 11
-25 -16 66
0 0 -1 0 1 0
0.818310 1.110605 1.058466 3.544625 9.228360 40.901799
0.959671 3.544929 4.975472 1.345529 0.883701 35
40 -77 64
-1 0 0 0 0 -1
1.214798 1.247093 0.903421 5.373831 6.157732 9.322240
1.057880 8.155014 5.536362 3.508484 1.147905 12
25 -86 -92
1 0 0 0 0 1
0.921001 0.841722 1.063854 4.659477 11.349041 20.098772
1.047298 6.685195 5.799955 1.009434 0.892868 23
94 -100 -53
-1 0 0 0 0 1
0.919698 0.863159 1.052353 4.265227 9.497571 27.592572
1.288494 6.422539 8.324265 1.171972 1.023151 35
19 44 82
0 -1 0 0 0 -1
0.964799 0.792185 1.279844 5.267565 4.925363 8.332070
0.891890 4.663225 3.033298 3.415913 0.855067 15
20 82 -23
-1 0 0 0 -1 0
1.012644 1.174592 1.032323 3.197157 7.802391 41.858116
1.265867 5.614147 3.876938 2.991394 1.017748 21
-15 56 22
-1 0 0 0 0 -1
1.222805 1.178553 0.999107 3.683493 5.508369 37.701618
1.235351 9.203396 7.822516 2.551682 1.144730 24
-41 -88 7
0 0 1 -1 0 0
0.924640 1.218675 0.824075 5.065468 10.024335 28.913179
0.916979 4.157188 1.120814 1.132312 0.860801 28
36 -86 -28
0 0 -1 -1 0 0
1.275041 1.188962 1.235422 4.610316 21.833734 21.862518
1.159058 6.764176 3.742730 1.810958 1.113521 44
80 -20 -60
0 0 1 0 -1 0
0.899013 0.792540 0.800308 3.661722 18.051926 15.036161
0.807110 8.124244 4.368133 3.373660 1.041068 24
54 32 99
0 0 1 1 0 0
1.076692 1.009768 1.175842 4.103314 20.524818 36.373213
1.029070 3.689431 5.517080 2.883960 1.011140 6
51 34 15
0 0 1 -1 0 0
0.912193 0.940854 0.935942 3.684089 12.091627 21.708927
1.112255 9.038894 5.797514 3.572527 0.820560 41
5 37 -29
0 1 0 -1 0 0
0.921654 1.261045 0.975097 4.416054 19.411741 7.333406
1.115992 4.978185 2.984643 1.339006 0.934353 25
72 -48 52
1 0 0 0 0 1
0.911215 0.987909 0.899626 4.369714 4.304635 9.638742
0.863954 7.313908 8.143227 3.401457 0.932837 31
37 -33 -13
-1 0 0 0 0 -1
0.801248 1.258660 1.186959 5.316314 9.346636 41.058572
1.040669 9.118210 8.739793 3.050639 1.036098 11
-37 9 -38
-1 0 0 0 1 0
0.902433 1.088559 1.166383 3.282433 6.710245 14.747927
1.008643 7.909012 4.528553 3.460048 1.031914 43
-59 -95 -39
-1 0 0 0 0 1
1.289688 0.828304 1.300424 3.413609 3.792610 39.418777
1.287420 4.983663 1.753304 1.330813 0.866277 3
21 -22 85
-1 0 0 0 1 0
0.877290 1.304075 1.275874 4.015414 12.288580 36.984303
1.161753 6.307980 9.045688 3.208847 1.074262 10
-97 2 19
0 1 0 -1 0 0
0.808502 0.824228 1.210237 4.457488 15.743451 18.799759
0.852947 7.174237 7.628728 1.634247 1.049861 26
49 63 22
1 0 0 0 0 -1
0.922384 1.272828 0.870597 4.273507 4.515750 12.609636
1.078262 8.540088 2.882067 1.746524 1.256818 10
-78 19 -29
0 -1 0 -1 0 0
1.010051 1.139472 1.303517 5.032330 2.083036 38.015865
1.123105 5.233105 8.009123 1.795448 1.149334 23
-9 60 91
0 1 0 0 0 -1
1.177271 1.115272 1.065492 3.782656 11.615113 34.257808
1.284459 4.935757 9.011807 3.467584 0.818038 19
41 54 -49
0 1 0 0 0 1
0.877484 0.853746 1.053556 4.081822 17.199021 4.491108
0.855040 5.005876 3.599417 3.401960 1.023659 6
