0 1 0
157 1 157
7 2 0
20 1 20
22 1 22
36 1 36
43 1 43
101 1 27
103 1 103
174 1 174
35 1 118
59 1 191
5 0 0
27 1 101
91 1 91
130 1 59
142 1 142
193 1 53
0 0 0
0 0 0
5 0 0
7 1 112
15 1 15
95 1 95
106 1 39
111 1 16
0 1 0
73 1 181
1 0 0
141 1 30
2 1 0
28 1 168
160 1 97
173 1 78
2 0 0
81 1 110
198 1 28
4 1 0
23 1 189
39 1 102
97 1 68
117 1 58
188 1 65
2 1 0
5 1 21
64 1 125
112 1 84
4 0 0
41 1 136
63 1 117
134 1 29
152 1 89
1 1 0
24 1 148
8 1 192
1 3 0
183 1 183
32 1 32
55 1 118
87 1 102
3 0 0
98 1 113
123 1 100
185 1 64
0 2 0
128 1 26
200 1 200
1 0 0
90 1 90
1 0 0
34 1 165
0 0 0
1 1 0
102 1 4
127 1 195
3 0 0
33 1 168
70 1 118
82 1 151
2 1 0
86 1 162
148 1 80
177 1 177
0 0 0
2 1 0
46 1 136
132 1 86
6 1 178
1 2 0
12 1 12
13 1 180
57 1 57
4 0 0
45 1 153
65 1 199
68 1 139
191 1 89
0 2 0
25 1 148
118 1 79
0 0 0
2 2 0
109 1 44
199 1 10
110 1 2
181 1 17
1 0 0
84 1 84
1 1 0
60 1 168
163 1 52
0 0 0
0 0 0
3 0 0
88 1 170
121 1 168
124 1 19
3 0 0
52 1 163
104 1 6
143 1 9
1 0 0
18 1 124
1 0 0
155 1 17
1 1 0
120 1 69
166 1 77
0 0 0
0 0 0
0 0 0
0 1 0
1 1 175
2 1 0
30 1 121
180 1 89
51 1 136
0 3 0
19 1 120
54 1 165
115 1 2
0 0 0
1 0 0
165 1 96
0 1 0
136 1 80
2 2 0
37 1 105
168 1 66
154 1 89
186 1 186
2 0 0
40 1 192
75 1 196
0 0 0
3 0 0
89 1 154
93 1 168
156 1 16
1 0 0
9 1 159
1 0 0
162 1 85
0 0 0
0 0 0
0 0 0
0 0 0
0 1 0
29 1 136
2 1 0
71 1 167
76 1 126
105 1 2
2 0 0
53 1 196
171 1 75
0 0 0
1 0 0
62 1 62
1 0 0
99 1 116
1 0 0
42 1 139
1 0 0
151 1 85
3 1 0
94 1 94
145 1 50
184 1 94
158 1 26
0 0 0
1 2 0
176 1 77
58 1 161
114 1 44
1 0 0
2 1 113
0 0 0
2 0 0
21 1 194
31 1 175
0 0 0
1 0 0
149 1 69
0 0 0
0 0 0
0 1 0
190 1 56
1 0 0
189 1 79
0 0 0
1 1 0
147 1 21
133 1 44
0 0 0
0 0 0
1 0 0
131 1 2
0 0 0
1 1 0
113 1 74
159 1 77
1 0 0
140 1 85
0 0 0
0 0 0
0 0 0
1 0 0
179 1 16
0 0 0
0 0 0
2 1 0
107 1 83
126 1 77
195 1 96
1 1 0
167 1 16
96 1 195
0 0 0
0 0 0
0 1 0
17 1 167
1 0 0
77 1 126
0 0 0
0 0 0
