100 100
-7 -91 -50
0 0 -1 -1 0 0
0.870929 0.972711 0.908983 3.534792 24.263070 8.152184
0.933151 3.746285 5.401651 2.022978 0.907796 19
-45 85 37
0 0 -1 0 -1 0
0.918225 0.785946 0.942476 3.179887 38.028351 17.294471
0.814567 9.037589 4.208117 1.416049 0.944268 29
-70 98 -24
-1 0 0 0 -1 0
0.820101 0.892436 1.067760 3.305887 14.936636 12.812911
0.891117 5.027572 4.077150 1.982407 0.931502 45
0 43 25
0 -1 0 1 0 0
0.995937 1.001088 0.857915 3.242931 39.967308 16.297469
1.013089 8.284875 6.399951 2.852955 0.980202 4
-62 -37 -52
-1 0 0 0 0 -1
0.849909 0.831192 0.885313 3.477332 25.024546 7.528031
0.872858 3.355010 1.682725 1.357422 0.914693 14
-96 100 12
1 0 0 0 0 1
0.917808 0.946402 0.911541 3.274095 56.993559 6.600183
0.920913 5.892779 4.887446 3.309029 1.031077 41
57 -12 -90
0 0 -1 0 -1 0
0.789259 0.969338 0.922155 3.705953 41.412467 4.117344
1.025666 3.312461 1.051136 3.864142 1.087331 21
31 -95 1
0 -1 0 0 0 -1
0.840680 1.019829 0.940032 4.095276 2.169045 10.029607
1.008386 9.384205 1.412532 1.015283 0.842701 37
-60 59 62
0 0 1 0 -1 0
0.895162 0.824617 1.056581 3.011744 9.507488 7.883325
1.010681 7.209566 5.107532 2.070678 0.926223 29
-10 52 13
1 0 0 0 0 -1
0.789073 0.916667 0.842215 4.053270 64.167328 2.664183
1.066004 8.844820 3.027098 3.015810 1.067594 36
-65 39 -28
0 -1 0 0 0 -1
0.811928 0.893255 0.975664 4.134511 1.514686 3.422837
0.879786 5.133905 3.870237 1.473411 0.791097 24
35 40 -39
1 0 0 0 0 -1
0.929277 0.978070 0.976820 4.042690 18.190727 11.950921
1.001798 3.298777 1.347595 2.643610 0.986225 47
81 68 -69
0 1 0 0 0 -1
0.999624 0.796906 0.872105 3.918465 61.602188 7.782508
0.868979 4.709882 8.278998 3.573469 0.919479 5
-53 -77 -6
0 0 1 0 1 0
0.943541 1.012317 0.797097 4.089006 13.699914 1.403184
1.011510 6.691397 4.381683 2.710344 0.863997 38
5 -41 -61
0 -1 0 0 0 -1
0.938441 0.933975 1.048725 3.462467 47.524380 4.382157
0.974529 4.484247 1.274269 3.424115 0.972838 18
-17 11 -6
-1 0 0 0 1 0
0.875559 0.940355 1.015825 3.996298 57.927251 4.448525
0.911548 8.705998 7.697680 3.792930 0.955895 33
-72 -4 61
0 0 1 0 1 0
0.980873 1.043103 0.826872 3.879932 33.114026 7.491781
1.010990 8.047499 7.655196 1.679161 0.835045 21
100 54 -8
0 0 1 0 1 0
0.834445 0.855786 1.051836 3.049828 62.714479 6.218978
0.943804 4.060601 7.855929 1.728776 0.919093 48
88 -94 22
0 1 0 1 0 0
1.051928 0.872176 0.797437 3.211499 5.611906 13.813409
0.827760 8.117846 5.941212 2.264398 0.953389 32
-53 -50 72
0 -1 0 0 0 -1
0.877898 1.014962 0.869265 3.847261 51.537577 13.920985
0.960537 3.258648 2.374144 3.683334 1.082135 45
-66 -35 -27
0 0 -1 0 -1 0
0.897104 0.814006 1.044671 3.319603 63.393801 13.584484
1.080016 4.522448 2.664151 1.685073 0.921042 40
4 -42 9
0 0 1 0 1 0
1.039350 0.820699 0.985635 3.731469 55.979437 8.675367
0.864899 3.014739 2.056922 2.444126 0.929021 12
-13 -85 96
-1 0 0 0 0 1
1.022414 0.819565 0.838832 3.632105 14.777104 16.012946
0.962693 3.092233 5.084802 3.686796 1.067330 47
-87 -65 -36
0 0 -1 1 0 0
1.070790 0.954476 0.865617 3.068971 14.232123 6.732587
1.004431 9.241076 7.836988 2.681576 0.992232 9
-78 -98 0
0 0 -1 1 0 0
1.052447 0.813464 0.989280 3.548076 53.002488 8.054442
1.014503 5.739885 8.397912 2.380369 0.801408 7
20 2 57
0 1 0 0 0 -1
1.044186 0.825289 0.906743 3.726952 38.930601 3.608156
1.024206 9.059953 5.915524 1.426890 0.968394 45
37 77 -1
-1 0 0 0 -1 0
0.881962 0.980474 0.897575 3.104849 35.225578 16.516026
0.811381 9.399650 1.335442 2.354700 0.820429 19
55 -40 27
1 0 0 0 0 1
1.057090 1.078824 0.959764 3.712833 39.387249 16.322665
0.969397 9.226236 5.150094 1.248328 0.832347 31
-5 15 27
-1 0 0 0 1 0
0.946280 0.819577 1.052863 3.206533 35.951649 17.295097
1.055910 8.758879 3.512027 1.033743 1.004054 23
24 18 52
0 1 0 0 0 -1
1.043958 0.834987 0.877822 4.043500 51.282133 13.931309
0.886269 9.408711 7.559353 3.489254 1.069497 41
-96 -44 -27
-1 0 0 0 0 -1
1.064176 0.798451 0.942001 3.543929 5.354262 1.319942
0.800907 3.995635 4.194477 2.769905 0.983406 6
93 -6 94
0 -1 0 0 0 -1
0.880039 0.948845 0.846437 3.621212 39.508432 6.235721
1.049152 4.014685 2.212756 2.193392 0.814119 1
51 9 25
-1 0 0 0 1 0
0.953797 1.022549 0.878718 3.615875 32.794368 2.303993
1.075247 4.933826 2.498751 2.814636 0.801325 16
-52 -57 91
1 0 0 0 0 1
1.015675 0.946028 0.852634 3.283503 29.630229 8.390463
1.080070 5.635549 3.239874 1.687499 0.864056 10
35 79 22
1 0 0 0 0 1
1.074949 0.903393 1.075203 3.293080 20.561068 8.028628
0.917155 4.804461 5.227093 3.714535 0.844881 16
8 -90 -40
0 0 -1 0 -1 0
1.036356 1.070304 0.978822 3.054184 28.160072 10.949155
0.827251 5.098389 1.013960 3.671870 0.911386 16
-69 100 -45
-1 0 0 0 0 -1
0.962358 1.019555 0.975761 3.629098 39.807742 12.196031
0.986428 6.578660 1.038030 3.440940 0.913805 10
-90 -92 0
0 1 0 -1 0 0
0.935543 0.974092 0.996243 4.123030 20.997547 2.587876
1.030460 3.067347 5.383680 3.667927 1.033528 27
12 -10 26
0 0 1 -1 0 0
1.026583 1.044892 1.005743 3.618155 56.605654 11.182600
0.874451 9.457535 6.968236 1.639686 0.813998 17
-38 -39 -42
0 0 -1 0 -1 0
0.865578 0.945158 0.875884 3.983610 16.344308 7.300245
0.965601 9.256455 4.103920 3.435114 0.911616 27
-38 -82 25
0 0 -1 1 0 0
0.901192 1.064443 0.936699 3.777792 44.035347 16.650850
1.029496 7.670522 3.960460 1.176846 0.809449 18
-53 94 5
0 0 -1 0 -1 0
0.950658 0.952212 0.852609 3.657298 54.240474 14.534483
1.038234 3.342439 4.602303 2.501679 1.016600 9
81 49 -7
0 -1 0 0 0 -1
1.017132 1.058612 0.790447 3.157287 18.698504 7.767411
0.980530 6.720600 2.047014 3.786164 1.067314 22
-32 -18 -74
0 0 -1 0 1 0
0.831379 1.029297 1.034446 4.081238 35.355709 12.330914
0.843841 7.925032 3.073779 1.722111 0.955111 22
32 -43 -82
0 -1 0 0 0 1
0.972372 0.896190 0.954374 3.378292 53.226803 8.853966
0.918315 5.682190 6.242013 1.034268 0.934239 13
-79 -40 -26
0 -1 0 0 0 1
0.891644 0.900814 0.832451 3.490564 50.232707 4.352172
1.004726 4.467596 8.141822 1.446000 0.901882 23
-70 92 74
0 1 0 -1 0 0
0.838633 0.868399 0.967207 3.307983 55.907807 10.927057
1.026513 6.385839 8.026715 1.719523 0.956800 7
-18 -33 -76
0 0 1 -1 0 0
1.076618 0.885384 0.820943 3.969178 61.026061 13.477704
0.947279 7.040312 6.506126 3.822336 1.049604 10
100 -86 -73
-1 0 0 0 -1 0
0.936465 1.038274 0.886512 3.144409 10.314567 7.756357
1.012273 3.552270 3.296015 3.884795 0.788730 10
-56 -4 -17
0 0 1 0 -1 0
0.860325 1.034193 0.866529 3.908780 41.868019 2.209758
0.890249 5.833121 2.921675 3.840355 0.858294 31
-55 -55 29
-1 0 0 0 1 0
0.993433 0.988218 0.792233 3.957259 48.848998 11.060473
1.033904 8.334172 1.681418 3.030581 1.058322 24
-18 96 -80
0 0 1 0 -1 0
0.900446 0.878738 0.946717 4.004152 55.560719 14.782490
0.963772 4.886753 6.887396 2.026233 0.837980 26
99 -49 -17
1 0 0 0 0 -1
0.861084 1.044544 0.843475 3.046024 17.234979 10.729706
0.966102 8.669384 1.779393 3.602002 0.852206 1
-41 57 99
0 -1 0 0 0 -1
0.834055 0.973346 0.915640 4.059817 55.638675 14.958997
0.990901 3.306518 8.829155 2.787048 0.948560 14
42 72 -15
0 0 -1 -1 0 0
1.004000 0.801110 0.909825 3.912165 13.954881 3.270505
0.839890 8.590633 4.738643 3.097770 0.847222 3
36 -16 32
-1 0 0 0 -1 0
0.846827 0.815451 1.046199 3.206033 4.301769 6.788674
0.989489 3.812393 4.565343 1.639672 0.785456 14
96 -18 -48
0 0 -1 1 0 0
0.915056 0.822067 0.915214 3.989619 22.212431 6.803051
0.895723 3.925959 1.066951 3.866054 1.025680 46
92 8 -5
0 0 1 0 1 0
0.967039 0.812430 0.967182 3.210888 56.652111 3.767119
1.065521 8.366918 8.936294 3.446109 0.859703 47
72 35 -72
0 0 1 0 1 0
0.971859 0.860733 0.855762 4.060389 10.037717 15.551411
1.059857 8.352347 8.947299 2.211675 0.971048 23
51 49 -54
0 0 1 0 1 0
0.822395 1.047612 0.965816 3.014559 38.728845 6.185669
0.958161 7.902053 5.024187 2.447154 1.023534 41
33 25 54
0 1 0 -1 0 0
0.808829 0.903317 1.073777 3.225251 62.022489 1.662887
0.903172 6.903037 2.197593 2.903023 1.023279 17
-44 51 -74
0 -1 0 -1 0 0
0.966121 1.080149 0.813825 3.541365 23.655160 13.640927
0.945262 4.278173 2.348505 2.698244 0.855881 11
51 -3 -42
0 0 -1 1 0 0
0.856430 0.788324 0.791085 3.475819 62.372910 14.831307
0.945211 5.083952 5.490162 1.991488 0.979995 7
35 5 -70
0 0 1 0 -1 0
1.033182 0.795147 0.808428 3.170010 27.157336 9.584280
0.909118 8.011583 4.968155 1.238003 0.828435 38
94 12 -43
0 -1 0 -1 0 0
0.858026 1.000695 1.060679 3.937461 29.084317 12.603734
0.832979 7.690841 4.072061 3.272263 0.879816 24
-44 -37 41
1 0 0 0 -1 0
0.855742 0.993909 1.075776 3.317724 56.605047 11.972530
1.066515 5.452569 7.209339 2.897756 0.917066 46
-44 5 -42
0 0 -1 0 -1 0
0.914157 0.930869 1.043163 3.358030 56.358556 10.004330
0.894141 6.742664 4.615973 1.763056 0.816373 9
-86 31 -74
0 1 0 0 0 1
0.789887 0.878203 0.804553 3.642229 64.373549 15.739034
0.826217 4.900486 4.918762 3.798448 1.015606 18
98 -83 -96
1 0 0 0 0 1
1.003242 0.920681 0.936380 3.185160 48.811360 3.552232
0.958302 8.367126 1.442845 1.784657 0.940505 32
-29 80 -46
1 0 0 0 1 0
1.050708 1.046212 1.037759 3.721731 31.739659 3.850858
0.924158 4.767806 1.457043 3.416585 0.937120 2
-79 93 56
0 0 -1 1 0 0
1.008867 0.890217 0.993432 3.398919 27.533275 3.533879
0.814174 7.078389 3.736813 1.129237 0.903371 4
-55 -44 96
0 0 1 0 -1 0
0.864102 1.042942 0.984126 3.749359 21.380188 16.062440
0.905021 3.832336 4.114620 2.987723 0.972406 5
-83 42 88
-1 0 0 0 0 1
0.935605 0.958773 0.906676 3.466386 59.249979 1.181440
0.965659 5.855358 7.744015 3.093088 0.847713 5
-23 80 94
0 0 -1 0 1 0
0.812159 0.884491 0.896075 3.872519 20.069466 4.067084
1.002189 4.743338 7.458047 2.994263 0.842957 46
59 51 -82
0 -1 0 1 0 0
1.021147 0.818821 0.935148 3.336716 14.410098 9.811520
0.935135 6.246066 4.770689 3.843592 0.849667 20
7 -27 -27
0 0 1 1 0 0
1.022233 0.913194 1.057974 3.383019 55.630697 5.568196
1.025048 3.232566 5.823242 1.616537 0.911733 26
-90 73 18
0 1 0 0 0 1
0.837799 0.915199 1.056228 3.574966 44.926101 14.625003
1.009641 8.949742 1.210792 3.095417 1.052145 18
95 8 -50
-1 0 0 0 0 1
0.884794 0.973864 1.037755 3.107013 31.085620 16.405715
0.827409 7.091757 2.295327 2.312565 0.891247 30
6 87 15
0 -1 0 0 0 1
0.870288 0.948692 1.020647 3.394515 58.852250 14.397239
0.840313 7.040976 3.684358 1.379129 1.085269 32
-15 -19 -24
-1 0 0 0 -1 0
0.875550 0.818609 0.791316 3.141009 63.293456 9.914428
0.943339 8.600714 2.678499 1.920032 0.969195 26
-7 72 -65
0 0 -1 0 1 0
0.988672 1.041534 0.816812 3.900523 4.045445 6.138886
0.939945 7.955709 7.419755 2.066343 0.929561 18
87 90 30
0 0 -1 0 1 0
1.078456 0.997750 0.894837 3.378905 1.490100 14.822194
1.053379 9.296459 7.006901 3.052603 0.859148 10
17 81 1
0 0 1 0 -1 0
0.976853 1.058036 0.841702 3.724839 40.108190 5.246587
0.799511 5.381467 4.064866 2.540053 1.042825 33
16 4 -99
0 0 -1 1 0 0
0.987008 0.797457 1.083639 4.117206 38.627105 11.894296
0.899398 3.581504 4.563762 1.845440 0.809145 30
6 -12 -13
1 0 0 0 1 0
0.983916 1.059275 0.933460 3.473876 55.166838 12.297136
0.930799 4.954901 5.567546 3.609360 0.887597 36
98 89 15
0 -1 0 1 0 0
0.892636 0.970276 0.920485 4.142373 45.044537 7.299997
0.799223 8.447380 6.606249 1.656124 1.001028 8
24 -3 90
0 0 -1 1 0 0
0.973181 0.994646 0.914375 3.370453 55.580653 4.082863
0.927816 5.785843 8.261951 3.299173 0.968491 22
90 -55 -43
0 0 1 0 1 0
0.895609 0.945473 1.016572 3.355277 48.261586 4.206310
0.838439 5.009507 8.051603 1.810676 0.938704 39
-23 54 -91
1 0 0 0 0 1
0.985116 0.955594 1.059631 3.683099 58.097110 17.184285
0.843183 7.865327 5.383204 3.278471 0.949089 17
-93 -97 -31
1 0 0 0 1 0
0.826852 0.993474 0.912951 3.973181 24.392385 15.003847
0.878011 6.776737 1.236868 3.105139 1.051888 21
-14 -7 76
0 1 0 0 0 1
0.926290 0.943129 0.913621 3.280392 5.826246 5.702977
0.891673 4.591127 1.963087 2.522759 0.873137 17
-96 3 51
1 0 0 0 0 -1
0.888883 0.832937 1.035505 4.120005 44.825505 10.725599
0.913029 4.055587 8.018702 3.525942 0.917319 34
38 94 100
0 0 -1 -1 0 0
1.025289 0.924146 1.060919 4.043969 11.688772 1.726830
1.023396 8.246236 4.594871 1.171109 0.804683 38
56 61 -97
-1 0 0 0 0 -1
0.987758 0.848029 1.033242 3.745187 4.687711 5.775442
0.839206 5.347839 1.761285 3.761114 0.925886 8
-56 78 -80
0 -1 0 0 0 1
0.938067 0.827777 1.023369 3.588689 43.808638 1.409162
0.885764 5.874216 2.802358 3.111783 0.822858 4
95 -67 76
0 -1 0 -1 0 0
0.958108 0.803959 0.853945 4.111735 35.519928 15.224469
0.910168 9.408269 4.004391 2.849911 0.958604 13
-55 67 -80
-1 0 0 0 1 0
0.789327 1.047112 1.029230 3.830775 22.924761 13.466222
1.023040 7.491157 6.602530 3.345039 0.946780 29
-28 76 17
0 1 0 0 0 -1
0.940192 0.936349 0.904625 3.446493 37.783140 1.623587
0.910114 4.157906 7.888687 2.946605 1.000598 2
-53 90 56
1 0 0 0 0 1
0.849141 0.868517 0.983295 3.173995 51.619127 3.078852
1.022947 5.493222 6.761505 1.052971 0.790385 9
-53 73 -9
0 -1 0 0 0 1
0.968802 0.917792 1.041042 3.686838 3.268151 5.800386
0.917343 8.731081 8.382791 2.805955 0.819676 36
30 79 12
0 -1 0 -1 0 0
0.923903 0.908181 0.863697 3.767239 20.761138 12.121451
0.845949 7.426349 5.443084 2.467753 0.835532 48
15 -7 -19
0 0 1 0 -1 0
0.913469 1.055915 0.793243 3.890305 28.735548 7.769064
1.043253 9.245219 6.982741 3.640493 0.814921 9
-12 6 -70
0 1 0 1 0 0
0.916193 0.804148 0.852593 3.268221 9.279143 9.460284
1.008923 6.867097 1.833729 3.403845 0.968616 2
-40 48 12
0 0 -1 0 1 0
0.833538 0.950499 1.068209 3.293640 63.379803 6.885898
0.797461 5.607476 1.003593 1.321529 1.040072 42
-78 77 47
0 0 -1 -1 0 0
0.885260 0.964502 0.924592 3.863115 37.192810 4.556726
0.955528 8.634032 3.668239 1.754844 0.851484 8
7 6 43
0 1 0 0 0 1
0.867680 0.933685 0.841714 3.488075 1.548780 2.212192
0.941593 4.180402 6.211175 2.379606 0.979124 4
-4 -71 -71
0 0 1 0 1 0
0.942176 1.074759 0.840281 3.835544 24.451791 4.021310
0.837802 5.670881 8.980172 1.308538 0.973939 25
0 -3 70
0 0 1 0 1 0
0.888447 0.996543 0.960094 4.053311 58.846959 12.815063
1.045751 6.538601 3.322787 1.020132 1.084491 2
-49 48 -88
0 0 -1 1 0 0
1.027795 0.892625 1.054685 3.189517 57.723205 12.914771
0.924235 3.859193 4.790348 2.203084 0.921504 41
16 88 -62
-1 0 0 0 0 -1
0.923547 0.908028 0.871733 3.041532 43.905494 14.986188
0.838921 7.931292 9.046215 2.706113 0.930421 29
-25 7 -10
0 0 1 0 -1 0
0.836750 0.793026 0.834502 3.571079 15.979318 15.584758
1.081348 3.069427 5.833461 3.136219 0.851250 4
60 -4 -90
0 0 -1 -1 0 0
0.844178 0.973259 1.082308 3.574674 50.653356 12.775590
0.883619 6.263487 2.474878 1.838228 0.956546 12
-10 73 73
0 0 -1 0 1 0
0.965432 0.947796 0.858444 3.972688 39.531055 9.208466
0.893506 7.051442 3.869230 3.494691 0.957364 32
-63 85 -70
0 0 -1 0 1 0
0.893064 1.038855 0.824401 3.029112 54.861966 1.107732
0.872289 7.257768 1.919531 3.517338 0.818327 46
-77 8 -93
0 1 0 0 0 1
0.949206 0.837844 0.851242 3.042941 18.037998 12.185610
0.870993 7.065873 5.427985 2.053753 1.053216 36
62 -56 92
0 1 0 1 0 0
1.044348 1.062443 1.007254 3.644487 56.919221 2.109818
0.922970 6.126010 2.389463 1.998279 0.859032 42
43 11 5
0 0 -1 1 0 0
0.808788 1.019017 0.811927 3.173246 40.457424 14.513781
0.990084 8.147813 6.799449 3.879434 1.021826 20
51 80 31
0 0 -1 0 1 0
0.834060 1.034969 0.913363 4.108151 46.177302 17.055959
1.056250 9.268019 5.689223 1.205468 1.033139 36
-5 23 -62
0 0 1 0 1 0
0.800087 0.948479 1.002021 3.276018 11.321467 15.096657
1.075435 9.203870 1.326744 1.276036 0.876697 10
54 -90 96
0 0 1 1 0 0
0.804957 1.003182 0.891256 4.086022 58.225529 17.015589
0.900893 7.702451 7.401156 1.429965 0.930320 48
37 -41 -8
0 1 0 0 0 1
0.897057 0.912853 0.948196 3.905083 33.477873 4.093513
0.991504 8.978180 6.689661 2.074368 0.848879 23
-94 -28 -74
0 -1 0 1 0 0
1.015925 0.935914 0.888874 3.988001 41.189109 3.880560
1.043303 6.639141 3.144868 1.774619 0.792268 34
-27 18 -9
-1 0 0 0 0 -1
1.079851 0.918817 0.950047 3.162174 30.577632 12.388805
0.852952 4.285147 4.906454 3.074060 1.018670 36
64 96 26
0 1 0 1 0 0
0.934404 0.893868 1.049143 3.405600 39.065809 5.588705
0.967505 7.263235 2.820729 1.899940 0.976502 46
69 -14 -67
0 1 0 0 0 1
1.030134 0.998655 0.850265 3.900343 43.176504 5.230572
0.955693 8.462964 6.758498 1.408994 0.854710 24
17 -42 -46
0 0 1 -1 0 0
0.800636 0.819897 0.970524 3.559924 30.125600 5.609762
0.997022 5.595206 5.827987 3.734250 0.973229 40
10 48 79
0 1 0 -1 0 0
0.917885 1.035180 0.826005 3.436817 2.885284 13.806005
0.964632 8.514472 5.249322 1.315826 0.883810 31
-9 77 51
0 0 1 0 1 0
1.013785 0.797768 1.065549 3.314284 22.627396 10.739544
0.801018 6.886458 2.284220 2.864453 0.875558 39
56 37 -56
0 0 1 0 1 0
0.930489 0.948097 0.894391 3.151330 23.285374 16.372290
0.885585 3.154101 6.830470 2.956172 0.897923 23
66 32 -61
-1 0 0 0 0 -1
0.977932 0.853939 0.829139 3.942526 58.289311 9.975218
0.972506 4.350400 3.023407 2.056356 0.969851 15
-74 57 30
0 0 -1 0 -1 0
0.989267 1.054952 0.810002 3.034296 49.964470 5.082897
1.069581 5.552354 6.543534 2.884542 0.894329 18
85 -1 -9
1 0 0 0 0 1
1.069534 0.902614 0.789170 3.040809 4.150051 14.138584
1.030107 7.736964 3.522883 2.598553 0.918974 40
-37 -98 36
0 1 0 0 0 1
1.066017 1.009099 0.916885 3.569092 18.037633 9.765709
0.972954 4.348759 8.565694 2.630354 1.066621 2
-28 30 -31
0 0 1 0 -1 0
0.814743 1.066982 1.028134 3.368133 18.822802 7.796963
0.998885 3.044219 3.558388 3.497810 0.849093 41
-7 -91 59
0 0 -1 -1 0 0
1.021201 0.827162 0.890618 3.214471 36.060580 15.676925
0.847184 5.184340 5.161065 1.981112 1.013651 29
-1 -82 5
-1 0 0 0 1 0
0.905427 0.988176 0.964136 4.021884 54.714723 4.790583
0.920683 8.282441 2.186650 2.113571 1.002660 44
67 -24 -75
-1 0 0 0 0 -1
0.815416 0.858775 0.955672 3.570357 42.215619 14.886848
0.927529 3.083239 3.622325 2.810191 0.814003 5
43 -77 -2
0 0 -1 1 0 0
0.891944 0.932211 0.963387 3.515037 33.673074 10.447791
0.806848 3.094741 5.751738 1.607444 1.043272 29
-97 43 26
0 0 -1 1 0 0
1.041659 0.973416 0.844682 3.435159 2.235418 16.238012
0.892709 8.185821 7.439063 2.048224 1.003091 30
64 -36 5
0 1 0 1 0 0
0.841351 0.834617 1.038925 3.635324 13.505892 13.167613
0.869935 3.199848 3.596560 3.199148 0.931512 15
53 24 45
0 0 1 1 0 0
0.858030 0.920588 1.078759 3.650181 2.717901 12.445549
1.071091 4.850505 5.172517 3.804876 1.070583 28
-10 -23 14
0 0 1 1 0 0
0.947740 0.831940 1.060315 4.136138 29.938265 12.346788
0.917224 6.001718 2.489949 3.439579 1.029377 25
-100 -12 94
0 0 1 1 0 0
0.789433 0.997074 0.942657 3.598867 25.485380 3.254294
0.961295 3.531749 5.570187 2.868327 0.851477 17
-18 -88 -98
0 -1 0 0 0 1
0.926601 0.945544 0.937860 4.016760 5.073842 6.284160
0.991519 3.522543 5.500131 2.513595 0.859584 29
-15 -56 -95
0 0 1 -1 0 0
1.043853 0.987781 0.799046 4.063932 20.654379 16.136717
1.025546 4.006931 3.252768 3.764608 0.873737 39
60 -86 -42
0 0 1 0 1 0
1.084350 0.816121 1.073419 3.408726 1.378998 14.832882
0.832928 5.471551 8.415820 1.467664 0.848873 29
-74 -70 -1
0 0 -1 0 -1 0
1.069498 1.051367 1.006052 3.641500 31.009588 1.256412
0.825002 3.993357 7.710742 1.559548 0.918396 46
-94 -22 -53
0 -1 0 0 0 1
1.000797 1.015064 0.902875 3.291699 16.116558 6.192818
1.001058 7.825116 5.010055 2.383586 1.078116 26
-43 -71 33
1 0 0 0 0 1
1.008323 0.882951 0.978566 4.101231 7.231820 3.042975
1.066337 5.459148 8.643294 3.619055 0.853067 6
-12 -68 43
0 -1 0 0 0 -1
0.964137 0.830727 1.070008 3.015611 44.493137 13.004275
0.878589 6.314564 2.900836 1.453619 0.908670 14
87 27 3
0 1 0 1 0 0
0.880184 0.838576 0.789005 3.997295 11.073852 7.744055
1.049744 6.408934 8.238285 2.601882 0.884326 40
7 37 -78
0 0 -1 0 1 0
0.864198 0.799079 0.845867 3.329494 25.488241 1.576717
0.880326 6.945393 7.516275 2.077811 1.080163 48
23 -29 -55
0 -1 0 0 0 -1
0.954414 0.848010 1.015997 4.044627 16.619951 2.535276
0.787313 8.041409 5.937503 3.895223 0.866530 3
-52 47 -31
1 0 0 0 0 -1
0.821862 1.014766 0.978326 4.070358 16.202709 5.438054
0.988783 4.525755 7.114893 2.207291 1.053139 31
-95 90 36
0 0 1 0 -1 0
1.037012 0.869623 0.917968 3.544237 8.178796 17.261854
1.081425 3.896738 3.939611 3.633935 0.883589 16
-42 54 -97
-1 0 0 0 0 1
0.899168 1.005654 0.879359 3.996997 31.401821 9.931919
0.971624 9.339318 1.564117 1.256922 0.998351 7
84 -63 18
0 0 -1 -1 0 0
1.040445 0.925947 0.909254 3.920820 48.277871 9.474487
0.817891 4.076939 2.193599 2.314585 0.792657 43
-68 -9 -21
0 1 0 1 0 0
0.903284 0.986416 0.796287 3.620243 65.849784 2.378899
0.933800 5.992514 6.329139 1.769393 0.915266 15
80 -34 95
-1 0 0 0 0 -1
0.876481 0.934476 0.934020 3.014117 48.368841 12.243118
1.019397 6.071254 5.002569 1.618790 0.879570 35
-85 36 -75
0 1 0 1 0 0
0.789290 0.944451 0.943165 3.893741 44.892355 9.254694
0.791158 8.377226 5.665630 1.170173 0.968917 34
75 89 -50
0 0 1 0 -1 0
0.943276 0.875228 0.867815 3.808713 51.583727 11.997929
0.928940 6.170637 7.770864 1.204886 0.817922 20
57 -33 0
1 0 0 0 1 0
0.934596 0.863767 0.916051 3.759576 24.491182 3.846578
1.031063 6.952364 7.269188 3.409636 1.014367 14
-25 100 88
0 0 1 0 1 0
1.001557 1.034274 0.936324 3.843519 37.467199 11.819029
1.075459 9.216988 5.838425 1.232346 0.826294 24
30 62 -60
0 0 1 1 0 0
0.825702 1.055205 0.803801 3.972658 5.524828 6.491240
0.788171 7.775372 3.177995 3.538265 0.895250 10
-22 -6 94
0 -1 0 -1 0 0
1.077395 0.942430 0.809502 3.226498 10.218535 4.991737
0.850576 7.920371 3.976054 1.156195 0.844367 16
49 98 83
0 1 0 -1 0 0
0.961322 0.846042 0.820232 3.758927 57.474185 3.894588
0.883190 3.226930 7.607525 3.633763 1.083981 41
-62 45 -1
0 0 -1 0 1 0
0.927082 0.897212 0.875443 3.742742 29.716574 4.308364
0.924505 7.669708 5.660553 1.047466 0.804294 11
41 -49 0
0 1 0 -1 0 0
0.944357 1.015375 0.839220 3.524252 49.864954 15.247006
0.789693 9.405076 5.837483 2.804060 0.973140 45
24 -66 25
-1 0 0 0 0 -1
0.972060 0.873103 1.035530 3.005375 10.468504 12.261937
0.977433 6.864856 7.248439 2.941547 1.063633 9
-2 -48 -44
1 0 0 0 -1 0
0.917825 0.888008 0.980293 3.765034 6.848563 11.266296
0.901356 6.570806 4.404863 3.666415 1.005219 42
75 4 -71
0 -1 0 -1 0 0
0.836947 0.792928 0.933673 3.602281 35.079065 9.017124
0.820609 4.388735 3.680735 2.514902 0.800048 18
-26 -43 40
-1 0 0 0 1 0
0.898230 1.058676 0.995951 3.681926 5.016759 14.783879
0.793783 3.898965 4.955862 2.878298 0.989421 38
71 17 -43
-1 0 0 0 1 0
0.841125 0.915688 1.066512 3.772350 62.238901 5.465380
1.036606 5.135672 2.128158 2.415651 0.955824 5
34 -81 -91
0 1 0 1 0 0
0.995303 0.795027 0.987999 3.991580 45.897076 11.304137
1.020384 6.684551 1.797653 3.346874 1.002718 14
-16 -97 25
0 -1 0 0 0 -1
0.903695 0.835744 1.010494 3.202305 4.522248 11.685171
0.820639 7.697732 1.794560 1.863928 0.947698 28
33 15 72
0 0 1 -1 0 0
0.972924 0.857557 0.918336 3.594923 39.662308 5.215929
0.855427 5.311297 8.708813 1.110901 0.832374 32
41 -49 -20
0 -1 0 -1 0 0
0.907022 0.905814 0.911950 3.262963 41.590472 9.914269
0.854895 3.676037 8.059475 2.037394 0.982505 14
-62 74 86
0 0 -1 -1 0 0
0.993781 0.813321 1.076103 3.430968 46.670444 4.754950
0.868644 8.037186 2.929613 1.663484 0.860902 16
-62 -62 -57
0 1 0 -1 0 0
0.879113 1.015953 0.945615 3.557872 36.898608 2.949356
0.847264 4.887195 2.833171 2.716755 0.999650 1
70 95 -88
1 0 0 0 1 0
0.981982 1.025812 0.855024 3.141150 51.982216 5.668002
0.963746 9.098356 5.386258 1.756919 1.067977 29
-92 42 69
0 0 1 0 1 0
0.816813 1.017935 0.932168 3.121022 3.482436 14.141263
1.030548 6.058956 5.999025 2.635111 0.818525 7
-38 -78 -38
-1 0 0 0 1 0
0.927189 1.000864 1.035220 4.047314 4.799257 14.867641
0.960904 6.193588 1.121368 1.001142 0.802215 43
-60 99 -67
0 1 0 0 0 1
0.870038 1.049237 0.993991 3.267757 5.692754 5.278991
1.071496 6.183729 2.177473 2.671619 0.871060 4
-64 63 24
0 0 -1 -1 0 0
0.891103 0.799198 0.793287 3.467798 10.041607 1.693602
1.080475 7.761944 4.501252 2.719627 0.868369 34
31 -29 -35
0 1 0 0 0 1
0.869713 0.912555 0.873929 3.780899 60.445482 2.835967
1.020329 6.788118 3.647205 2.525379 0.923662 19
17 -94 43
0 -1 0 -1 0 0
0.992317 0.822413 0.866227 3.916871 47.259109 7.934229
0.798959 3.752674 4.103760 3.648169 1.083952 47
3 -40 -35
0 0 -1 0 -1 0
0.983777 0.930573 0.897560 3.793141 4.287925 17.096971
0.948519 5.805032 8.044305 2.818635 1.063181 14
75 -8 -27
1 0 0 0 0 1
0.953751 0.948174 0.826628 3.454754 6.069274 8.466959
0.855490 7.815707 1.976166 2.310624 0.789328 24
-49 -72 88
0 0 1 0 -1 0
0.979072 0.877930 0.937455 3.613145 52.968567 15.420781
0.915264 5.855386 3.230210 2.852627 0.980674 7
43 -86 -27
-1 0 0 0 0 1
0.828455 0.953466 0.909048 3.015749 59.020977 4.420320
1.051428 3.783996 3.234079 1.202971 1.038153 21
76 37 -55
0 0 -1 1 0 0
0.809321 0.946398 0.942973 3.187316 24.654189 16.179733
0.942901 6.389182 1.506781 1.705452 0.978144 13
-11 -99 30
0 0 -1 0 1 0
1.062592 1.042728 0.881517 3.286236 62.879810 4.059516
0.796377 8.735013 2.991152 2.336014 0.916472 21
94 -37 -19
0 0 -1 0 1 0
1.044279 1.076447 1.051927 3.174382 60.205345 5.632307
1.012745 3.541916 9.035411 1.229283 0.995837 10
-29 37 -92
0 -1 0 0 0 -1
1.068451 0.806182 0.914227 3.052224 51.458991 5.787555
0.871164 6.328189 6.666875 3.091028 0.915034 39
91 61 78
0 1 0 -1 0 0
1.001288 0.915804 1.055546 4.105948 47.923224 6.247836
0.938857 9.387955 8.282897 2.679631 0.887157 16
55 -48 80
0 0 -1 0 1 0
0.893334 0.841809 0.801052 3.463777 13.597293 13.740212
0.857167 7.959546 7.809976 3.020662 0.857679 47
-70 -69 -8
0 -1 0 0 0 -1
0.934817 1.060101 0.948635 3.086152 52.980254 13.215886
0.811434 8.492166 7.612606 2.230159 0.995500 5
95 -36 19
0 0 1 1 0 0
0.885185 1.061608 0.807378 3.494393 13.113000 7.843746
0.845459 4.057002 2.362001 2.694208 0.855707 7
83 18 72
0 0 -1 0 1 0
1.007270 0.932508 0.808014 3.165740 11.946751 8.703072
0.825109 8.820212 6.999011 2.410778 0.833582 31
80 -90 -29
0 0 1 0 1 0
0.794180 0.975428 1.051091 3.351750 22.430472 12.716356
0.809434 3.660631 3.272045 2.769107 0.936979 27
