0 3 0
42 1 42
92 1 92
126 1 126
1 1 0
129 1 129
187 1 187
2 0 0
37 1 37
104 1 83
1 0 0
153 1 153
1 0 0
15 1 15
0 0 0
0 1 0
117 1 117
3 0 0
14 1 159
181 1 23
199 1 199
0 0 0
2 1 0
113 1 90
189 1 47
28 1 28
2 0 0
10 1 156
132 1 23
0 0 0
2 0 0
41 1 124
90 1 131
1 1 0
131 1 90
123 1 95
0 0 0
0 0 0
0 0 0
0 0 0
2 0 0
33 1 105
198 1 75
2 0 0
39 1 136
71 1 162
3 0 0
3 1 101
24 1 172
192 1 74
1 1 0
68 1 127
47 1 163
0 1 0
36 1 36
0 0 0
1 0 0
55 1 167
1 1 0
70 1 127
178 1 39
0 0 0
1 0 0
155 1 27
2 0 0
27 1 155
52 1 112
0 0 0
1 0 0
109 1 87
0 0 0
3 1 0
43 1 122
122 1 122
197 1 12
150 1 150
0 0 0
0 0 0
0 0 0
1 0 0
115 1 64
0 0 0
2 2 0
56 1 56
194 1 49
49 1 194
190 1 93
0 1 0
105 1 61
1 0 0
179 1 74
1 0 0
53 1 111
0 0 0
1 0 0
84 1 135
0 0 0
0 0 0
0 0 0
0 0 0
1 0 0
98 1 157
0 0 0
1 0 0
185 1 32
0 0 0
0 0 0
1 0 0
54 1 127
0 0 0
0 0 0
0 0 0
0 0 0
0 0 0
1 0 0
145 1 20
0 0 0
1 0 0
65 1 124
0 0 0
0 0 0
0 0 0
2 0 0
40 1 106
106 1 106
0 0 0
1 1 0
173 1 12
128 1 128
0 0 0
2 0 0
112 1 74
137 1 99
0 0 0
0 0 0
0 0 0
1 0 0
147 1 35
0 0 0
0 0 0
0 0 0
1 0 0
169 1 5
1 0 0
17 1 17
0 0 0
1 0 0
23 1 135
0 0 0
0 0 0
1 0 0
120 1 74
0 0 0
1 0 0
135 1 64
0 0 0
0 0 0
0 0 0
0 0 0
0 0 0
0 0 0
0 0 0
0 1 0
20 1 20
2 0 0
59 1 159
97 1 159
0 0 0
0 0 0
0 0 0
1 0 0
103 1 103
1 0 0
88 1 177
