100 100
-71 75 95
0 1 0 -1 0 0
0.926180 1.133919 0.786014 4.785127 2.047076 3.454812
1.150876 7.807043 6.870328 4.077500 1.024276 40
-46 17 23
0 0 -1 1 0 0
0.829882 1.221225 0.943910 3.972312 11.823867 3.267470
0.877756 6.358966 5.508833 1.077184 1.014516 13
-83 91 80
0 0 1 -1 0 0
0.865676 1.202783 1.032984 3.609495 9.112078 4.233691
1.047137 5.276272 2.699816 1.761151 1.013457 33
71 35 17
-1 0 0 0 0 -1
1.211810 0.917634 0.805956 3.966991 2.322284 1.025351
0.970499 8.824803 6.524497 2.733126 1.185256 4
-71 -24 -57
0 -1 0 1 0 0
1.149762 1.066885 0.958127 3.114957 12.648072 6.579306
1.118459 7.287862 5.932813 3.420966 0.937450 32
35 91 61
0 -1 0 0 0 -1
0.883994 1.067477 1.126532 3.453030 8.133338 7.541401
1.138909 4.881191 1.183142 3.755805 1.046672 35
-91 99 18
-1 0 0 0 0 -1
0.844828 1.070298 1.070707 3.517939 10.356841 1.949291
0.838771 7.707785 1.142063 4.011347 1.003895 36
-73 30 -22
0 -1 0 -1 0 0
0.882571 0.998470 1.057603 4.900825 6.041734 1.514588
1.143149 9.445508 4.598771 2.912985 1.165311 6
57 54 -71
0 -1 0 -1 0 0
0.808473 1.214654 1.209262 4.519827 6.729066 9.671403
1.024435 5.637471 5.940606 3.783650 1.187260 30
32 -38 18
0 0 1 1 0 0
0.960235 1.146554 0.936699 3.279504 10.004793 6.013786
0.936345 7.844758 2.978053 1.928474 0.956840 37
77 -92 -44
0 0 -1 1 0 0
1.078281 0.905465 1.036017 3.582027 10.102068 9.730444
1.174198 5.900924 2.125080 1.842886 1.212339 33
43 -63 -45
-1 0 0 0 0 -1
1.106976 1.025475 1.028516 3.664594 4.095872 7.064429
1.200404 8.305645 6.036760 3.180731 0.921768 25
32 -16 -62
-1 0 0 0 1 0
0.923471 0.889848 1.212030 3.242048 11.569191 10.569227
1.044334 5.444508 8.549455 2.248520 1.027135 35
54 17 47
-1 0 0 0 -1 0
0.901730 0.843775 0.817547 4.056911 10.552443 5.570218
0.988029 8.669605 3.886086 4.013071 1.085544 30
52 40 -50
0 0 -1 0 1 0
0.888274 1.029681 0.904125 4.504344 4.710334 4.581198
1.112665 3.274925 1.973523 1.323205 0.785795 19
40 -26 -87
0 0 1 1 0 0
0.910325 0.873105 1.014799 4.580917 6.289844 3.032299
1.085034 5.776628 1.586848 1.314618 0.905198 7
76 17 -86
-1 0 0 0 -1 0
1.042048 0.962344 0.964924 4.373928 4.770054 8.208273
1.185912 7.384686 2.802571 4.059360 1.188193 26
39 9 66
1 0 0 0 1 0
0.787438 0.988073 0.876852 4.284509 7.253684 1.278486
0.931884 8.072656 3.169711 3.462184 0.802844 37
9 -99 39
1 0 0 0 0 -1
0.834386 1.183756 1.016734 4.658904 12.662443 2.617253
1.128774 6.390480 6.498817 3.213272 0.982200 23
66 57 -54
-1 0 0 0 0 -1
0.849007 0.844957 1.004359 4.711568 8.183723 5.389714
1.014051 4.591074 4.424218 1.583280 1.197108 24
-31 -61 -11
0 -1 0 1 0 0
1.056280 1.043822 0.992429 3.808069 5.151165 5.467206
1.086098 5.310862 4.085049 2.572023 0.867822 19
35 54 -86
0 1 0 1 0 0
1.074477 1.006514 1.222827 4.401815 7.010243 1.335711
1.086112 5.439972 2.278793 2.579726 1.017039 39
-41 49 85
0 1 0 0 0 1
1.166178 1.022614 0.861520 3.429921 11.379935 10.367523
0.869906 6.390177 8.963825 3.826128 0.985830 25
-82 2 -42
0 -1 0 0 0 -1
0.826857 0.848305 1.152618 4.811506 1.288089 4.762462
0.941783 6.494705 8.131990 2.416828 0.787607 37
6 -42 -32
0 -1 0 -1 0 0
0.876476 1.180294 1.120510 3.368253 5.446809 3.944777
1.082982 4.699598 7.649887 1.009826 0.969051 32
98 -65 93
1 0 0 0 0 1
1.166304 1.099619 1.154478 4.193231 6.570667 4.125483
0.848401 7.786120 1.697825 1.380268 1.143492 28
30 -31 -55
0 0 -1 0 -1 0
0.937672 1.207177 1.187643 3.254878 6.974547 10.649393
1.035316 5.932463 6.115129 2.300597 1.117955 18
-79 -85 20
-1 0 0 0 1 0
1.175520 0.836677 1.110420 3.054217 6.627221 5.255739
1.044128 3.150522 7.604688 3.870941 0.980793 37
56 -72 50
0 0 1 1 0 0
1.050096 0.887170 1.138818 3.409346 5.808478 1.974269
1.019844 6.291438 2.573833 3.696655 1.167798 24
-30 45 100
1 0 0 0 0 1
1.123627 1.178313 0.843750 3.493994 7.473693 9.290791
1.088028 4.300284 6.353090 1.827307 0.839913 11
42 27 -28
1 0 0 0 -1 0
1.164746 1.214911 0.907860 3.083346 6.696083 8.103671
1.022192 6.665388 2.365888 1.292528 0.818053 11
11 41 50
0 -1 0 1 0 0
0.831325 0.927104 0.956411 3.641998 12.711457 8.926954
0.889698 7.092987 5.877281 3.296752 0.864461 32
-58 -6 62
-1 0 0 0 0 -1
0.835712 0.918598 1.006817 3.659145 7.259739 1.520693
1.100167 8.973943 6.298444 3.835576 1.221096 27
-97 3 28
0 1 0 -1 0 0
0.806992 0.937130 0.791611 4.210633 1.999497 7.812752
0.863306 5.238568 4.364352 3.583243 0.807095 3
88 79 30
0 -1 0 0 0 1
0.916173 1.120286 1.183610 3.144918 4.933525 3.801037
1.180988 6.528276 5.583785 1.314913 0.931427 6
43 76 -49
0 1 0 0 0 1
0.932731 0.897563 1.135026 3.175874 9.042443 9.744428
1.068550 3.391622 8.215595 1.176678 0.878489 32
68 12 -28
0 1 0 0 0 1
1.157491 0.817839 0.971804 3.293294 6.676113 10.504524
0.972478 4.370894 1.311021 3.297624 0.938273 34
17 -5 68
0 0 1 0 -1 0
0.844218 0.917250 1.123030 4.641906 11.678089 2.869971
1.050465 3.516453 7.016157 2.419927 1.006349 32
44 89 -100
0 1 0 1 0 0
1.185096 1.071616 1.036949 3.743339 4.561592 2.431659
1.098167 8.491571 3.071804 2.036462 1.216241 23
30 -64 93
0 -1 0 1 0 0
1.183507 0.894829 0.839871 3.025747 6.732460 2.332537
1.037459 7.230401 5.849435 2.827314 0.889118 30
100 -38 54
0 1 0 1 0 0
0.869238 0.937443 1.061755 3.285212 11.819814 3.730515
1.033497 3.066155 6.185435 2.410085 1.063329 15
-68 54 -63
1 0 0 0 -1 0
0.967027 0.847444 1.083849 3.786285 13.206297 9.086493
1.160046 3.594815 6.766992 2.315897 1.082343 37
-29 17 -70
0 1 0 0 0 1
1.070324 0.902454 0.882433 3.198682 10.553541 8.056780
0.936636 3.641441 1.066947 2.864514 1.188823 25
85 90 83
0 0 1 -1 0 0
0.991605 1.133159 0.833457 3.839655 1.556174 10.276838
1.149336 6.145221 7.958012 2.165984 1.164889 17
38 -73 53
0 0 -1 -1 0 0
0.838564 1.141807 1.144463 3.700304 9.644330 6.882772
0.904733 5.186489 3.763519 2.962488 1.031541 36
-18 -75 -9
0 -1 0 0 0 1
1.031837 1.019703 0.842260 3.435629 2.516155 7.364473
1.033137 3.786258 7.158886 3.785851 0.935124 9
54 4 84
-1 0 0 0 1 0
0.842078 0.962109 0.803561 3.303541 1.004490 10.072653
0.825824 5.588746 4.568792 3.556499 1.155883 4
67 -24 7
1 0 0 0 -1 0
1.060585 0.839916 0.860768 4.449294 1.321537 9.185743
0.858682 8.128709 2.792030 3.369805 1.207859 5
23 43 7
0 1 0 0 0 -1
0.858290 1.108954 1.160095 3.875426 12.449929 8.528572
1.197326 4.155092 1.593442 1.433419 0.888459 13
51 -4 -28
-1 0 0 0 -1 0
0.947575 1.030698 0.847565 3.608943 2.679956 10.044214
1.094355 5.556482 8.712823 1.655136 0.991531 17
18 -27 -95
1 0 0 0 1 0
0.983545 1.216737 0.815321 3.427184 12.594731 2.943774
1.103101 7.465065 3.197067 2.438103 0.990676 6
-66 -40 15
0 -1 0 1 0 0
0.886789 1.026880 1.182665 3.627977 10.558874 4.056501
1.150096 6.451915 1.404135 3.342677 1.024407 8
-48 65 38
-1 0 0 0 0 1
1.204281 1.093618 1.051179 3.262289 4.613108 7.156577
0.825593 5.417359 5.608567 3.362771 0.881172 27
27 26 50
0 1 0 0 0 1
1.217494 0.944896 1.007610 3.550762 4.359863 2.984939
0.969322 7.438212 7.093841 1.266196 0.885347 4
49 -58 -27
1 0 0 0 1 0
1.045046 1.153868 0.933261 3.150545 10.373150 2.748611
0.994856 4.296043 2.608053 2.433741 1.132377 9
53 -77 -17
0 0 -1 -1 0 0
0.869564 0.900016 1.197816 3.043627 3.629195 7.156549
1.212374 5.079629 2.719682 3.539647 1.203165 5
-23 8 -51
-1 0 0 0 0 -1
0.839793 1.197717 1.164041 4.535587 1.120140 6.589548
1.188041 3.571427 1.681945 1.480129 1.055469 15
-30 0 -69
-1 0 0 0 -1 0
0.848822 1.113912 1.066092 3.805798 11.014854 9.663157
1.195951 6.786771 4.340579 1.882826 1.090433 38
44 -13 -89
0 1 0 0 0 1
1.103666 0.980285 0.978284 3.910838 2.716513 8.221843
1.162041 3.707661 7.148926 2.734764 1.207618 21
9 42 -39
1 0 0 0 0 1
1.177960 1.131729 1.211104 4.551308 5.373232 10.120141
1.087367 3.223513 2.695795 2.608279 1.137359 42
-38 -35 47
0 0 1 -1 0 0
1.090540 1.062761 1.010349 3.049690 2.121939 3.408408
0.867144 9.262340 8.851234 1.597851 0.814249 19
-30 -76 18
0 1 0 1 0 0
1.153667 0.804834 0.977616 4.510374 4.689103 1.256741
0.822088 4.871661 8.517433 1.499907 1.129728 2
23 -47 71
0 0 1 -1 0 0
1.094444 1.037944 0.961666 3.614909 7.773378 5.034837
0.957295 4.480025 3.344079 3.842957 1.102195 17
-6 41 -36
1 0 0 0 1 0
1.117948 0.965843 0.954778 4.403637 8.457187 10.164979
0.804582 7.195517 2.313310 2.601621 0.967164 34
5 -58 24
1 0 0 0 0 1
1.209085 0.837942 0.868006 3.876148 1.232159 3.706171
1.210541 7.371470 8.808566 3.610745 0.831439 41
-59 16 -95
0 0 1 0 -1 0
1.098814 1.147357 1.108186 3.805493 2.023888 7.944250
1.009199 7.688592 7.024610 1.346394 0.877910 36
90 74 -39
0 0 -1 -1 0 0
1.007444 0.922130 0.934473 4.097151 8.781256 2.047806
0.946473 8.400936 6.497213 1.380014 1.014434 32
-10 80 9
0 0 1 0 -1 0
0.852845 1.087474 0.841099 4.738659 11.324754 3.268666
1.073770 4.687278 1.071062 2.920107 0.946122 31
-79 -80 -13
0 0 1 1 0 0
1.036813 1.119784 0.983479 4.286241 2.104110 7.300770
1.119732 4.116116 5.777066 1.431704 1.190758 37
-5 88 -33
0 0 1 0 -1 0
1.079828 0.870035 1.068954 4.585324 11.002949 10.669380
0.940216 8.807185 5.997911 2.120485 1.059539 28
32 -44 -31
0 0 -1 0 1 0
1.058834 1.196153 0.808156 3.950322 3.983113 6.018206
0.844492 8.044712 2.781579 1.861024 1.168885 28
70 2 -71
0 1 0 -1 0 0
0.966805 0.798853 1.221315 3.965662 11.318411 9.889944
1.020693 5.843529 4.852675 2.009488 1.057523 8
44 4 -78
-1 0 0 0 0 1
1.072417 1.137844 1.167362 4.158019 4.052102 7.721463
1.097978 6.940379 4.686224 3.580148 1.012272 1
20 11 24
-1 0 0 0 -1 0
1.011919 0.880284 1.189215 4.144690 12.059943 7.606685
0.831297 8.964222 2.162459 3.764837 1.121090 35
-6 79 13
0 0 -1 1 0 0
0.860809 0.984161 1.129218 4.821217 9.205464 3.516097
0.858650 7.690482 7.951908 1.814233 0.820175 34
22 30 -56
1 0 0 0 0 1
1.215329 0.842591 1.163181 4.289832 1.120286 6.224219
1.192297 3.857276 8.629804 3.737582 1.150695 30
-18 78 -14
0 1 0 0 0 1
0.796505 0.996778 1.017695 4.333659 9.457799 10.017574
0.827081 5.548455 3.287125 1.525025 0.976518 4
99 -65 -91
0 -1 0 0 0 -1
1.154029 0.964625 1.129773 4.231520 7.196255 3.644469
0.825229 9.137388 5.312212 3.243259 1.034866 31
1 24 -27
0 -1 0 1 0 0
0.871135 1.122595 1.209148 3.270697 6.020703 9.095704
1.170216 9.343013 3.479581 3.241099 1.099093 36
30 67 -4
-1 0 0 0 -1 0
0.945248 0.894788 1.116875 3.170906 13.034852 8.892607
0.981063 4.375165 1.789730 1.499141 0.886395 29
26 4 -45
-1 0 0 0 1 0
0.869875 0.833008 0.837361 3.845986 7.952018 9.562693
0.794396 3.126385 3.554468 3.012770 0.936947 37
-71 26 -95
0 0 1 -1 0 0
1.024210 1.059190 1.182862 4.833107 2.476093 6.757190
1.069053 8.540292 4.836048 2.873909 1.202507 10
-57 -50 61
0 -1 0 -1 0 0
1.068719 0.865079 1.002404 4.586095 11.242829 8.180533
0.989417 9.459812 4.594774 2.855883 1.174022 35
14 63 -96
0 1 0 -1 0 0
1.162326 1.222539 1.127030 3.558901 2.136733 7.861411
1.080469 4.670224 6.669290 1.781011 1.147937 35
-43 -10 -19
0 -1 0 -1 0 0
1.085608 1.177249 0.851878 4.712444 12.188954 1.721311
1.019360 8.681321 2.710661 1.829787 1.043392 20
-6 29 -66
0 1 0 1 0 0
1.053031 1.158445 1.016298 3.934470 10.044327 7.271626
0.970244 5.357694 5.072823 2.066760 0.910323 4
14 -4 43
0 1 0 0 0 1
1.091104 0.925916 0.919870 4.647618 4.676648 2.593928
1.123204 5.715277 4.142956 3.443456 0.813576 37
98 43 47
0 0 -1 0 1 0
1.181119 1.073931 0.977074 4.702323 2.933879 8.528635
0.903426 5.575491 7.464944 3.403793 1.035995 12
-25 -77 -14
0 -1 0 0 0 1
1.191662 1.009302 1.015857 4.299759 11.430344 9.040509
0.994914 4.748397 7.323775 2.821909 1.039265 16
19 83 -16
0 1 0 1 0 0
0.914616 1.190890 1.039478 3.306370 6.158567 9.053689
1.171100 7.149868 4.561941 3.506455 1.189061 17
91 -42 -82
0 1 0 -1 0 0
0.831988 0.858123 0.881194 3.409810 7.208078 4.152390
0.959507 7.478378 5.697497 1.509378 1.073704 15
-61 -26 89
1 0 0 0 0 -1
0.877972 1.050324 1.044784 4.144539 3.860374 9.051019
0.999126 4.935946 7.641753 3.003116 0.874406 28
-19 93 -99
0 0 -1 0 -1 0
1.125787 1.186461 0.928250 3.075466 9.779674 6.471009
0.921584 5.457741 7.727765 1.664337 0.840944 37
12 -97 99
0 1 0 0 0 -1
0.853523 1.147207 1.203465 4.066204 3.260900 2.101577
1.042350 5.880452 7.482497 2.848397 0.905896 32
-48 2 -65
0 1 0 0 0 1
0.893090 0.972121 1.061841 3.371616 1.320556 8.663490
1.060018 5.468543 8.253398 1.124208 1.182132 41
26 13 31
0 0 1 1 0 0
0.933997 0.807665 1.028547 4.071391 7.661162 7.099563
1.176085 4.181840 6.446909 2.746659 1.093832 9
38 -99 30
0 1 0 0 0 1
0.810074 1.191332 0.938397 3.551899 2.418330 3.827764
1.203742 7.793763 5.878656 3.182157 0.796688 25
-20 -35 98
0 0 -1 1 0 0
1.121666 1.186046 1.083962 4.244096 4.460700 2.790525
1.098875 7.235328 3.148977 3.226383 0.887041 19
32 2 80
1 0 0 0 -1 0
0.975055 1.099345 1.021710 3.392782 8.908244 9.863939
1.083021 6.210971 1.723581 2.254314 1.045445 20
-14 -97 -40
0 0 -1 1 0 0
0.893387 1.171852 1.092106 3.155215 10.184788 2.889021
1.018462 8.417849 1.946745 1.153421 0.918700 31
-55 78 98
-1 0 0 0 1 0
0.854687 0.889767 1.144768 3.867622 10.684814 9.062912
1.180307 8.807436 7.067453 2.027268 1.025954 17
-99 -29 64
-1 0 0 0 0 1
0.904660 1.123280 1.058984 4.111671 8.774637 5.990716
1.054262 9.399575 3.755830 1.093453 1.193111 40
66 10 -48
0 0 -1 1 0 0
1.029601 0.994860 0.809625 3.840670 5.257659 8.192379
0.918989 6.556174 2.228450 3.782298 0.887537 7
-50 -69 64
-1 0 0 0 1 0
0.860140 0.793919 1.163685 4.723858 11.992238 8.688056
0.870074 5.667970 5.003863 2.930720 0.808564 7
-83 -12 7
0 0 1 0 1 0
0.881228 1.072793 1.126110 4.576879 12.030633 10.065414
1.179884 5.736404 3.842276 1.866723 0.909374 34
58 -55 95
-1 0 0 0 -1 0
1.063989 0.805631 1.075386 4.284934 10.788715 3.180370
1.063887 5.926574 1.611073 2.675888 0.802170 20
86 23 -92
0 1 0 0 0 -1
0.921477 1.004793 0.903746 3.083718 4.886581 4.136920
0.994043 6.878122 2.933502 1.851394 0.791181 31
-74 91 4
0 1 0 0 0 1
1.022780 1.134036 0.970309 4.004962 4.232765 9.703662
1.018532 5.551508 4.294771 3.621193 0.950668 6
13 35 37
0 1 0 0 0 1
1.065884 0.947518 0.922291 3.669062 8.822274 1.168786
0.934189 9.204953 5.283112 2.436348 1.021359 37
49 62 53
0 1 0 0 0 1
0.923265 1.163181 1.116204 3.475239 13.057391 1.830380
0.903218 9.483803 6.098806 2.028369 0.920615 26
-29 82 49
-1 0 0 0 -1 0
0.861374 0.960076 1.080315 4.431228 5.312674 4.346449
1.080316 4.901491 5.551301 1.223972 0.986447 39
38 -96 16
-1 0 0 0 -1 0
0.986686 1.210702 0.996350 3.091287 12.141040 3.676637
1.179700 7.135451 4.015806 3.322842 0.873062 14
54 96 -22
-1 0 0 0 -1 0
0.904560 0.835619 0.904996 4.106995 8.120727 9.227824
1.007909 4.773162 5.000600 3.995361 0.977075 2
-83 27 6
0 0 1 0 -1 0
0.802229 1.017527 0.884517 3.577521 11.841478 6.477898
0.972560 3.634173 5.757188 3.021210 1.202970 17
65 90 51
0 1 0 0 0 -1
0.790055 1.219114 0.988296 3.431083 12.557984 10.547175
1.057921 8.962567 5.856550 1.521782 1.063898 9
26 45 38
1 0 0 0 1 0
0.842306 0.833276 0.958333 3.904021 8.355827 5.332435
0.845613 5.005656 2.580366 2.910941 1.178494 6
-21 -3 77
0 -1 0 1 0 0
1.004060 0.926379 1.215015 4.077658 4.328336 2.153678
1.016975 8.806751 4.164401 2.715197 1.027168 3
45 -89 -73
0 0 -1 0 1 0
0.971616 1.041933 1.017924 3.372904 12.901913 6.081192
1.055431 7.946427 2.123894 1.679105 1.032582 34
-100 81 -20
0 0 1 1 0 0
1.215581 0.974302 1.060679 4.898170 4.225080 9.975142
0.790132 3.191516 8.438613 2.571246 0.859407 17
-22 -9 34
0 -1 0 -1 0 0
1.105699 1.166176 0.897551 3.542808 3.571381 9.189800
1.052590 3.725912 5.583261 1.484866 0.869007 11
-6 -42 -88
1 0 0 0 0 -1
1.012530 0.843599 1.087849 3.890121 3.582755 4.698507
1.030395 7.835298 4.870377 1.812382 1.114334 10
-31 60 -24
0 1 0 0 0 -1
1.083238 0.825007 1.019170 3.607204 2.236367 2.298312
1.020420 5.124890 1.944261 3.480138 0.889885 27
-47 26 -71
0 1 0 0 0 1
1.148383 0.810036 1.195211 4.787253 1.325418 4.472800
1.015666 6.184308 1.693451 2.630614 1.076513 29
64 -51 53
1 0 0 0 0 1
1.153770 0.884963 0.999934 3.858423 13.162545 5.859048
1.129061 7.643114 4.290469 3.264087 1.180586 32
90 68 64
1 0 0 0 0 -1
1.168510 0.791344 1.143260 3.300851 12.370711 1.059599
0.814940 7.688235 4.731905 2.386840 1.031385 5
-88 -85 80
0 1 0 -1 0 0
0.984416 0.960939 0.902817 3.092453 12.434127 6.366308
0.986740 3.291057 5.859937 2.287986 0.809211 20
-9 0 56
0 1 0 1 0 0
0.863268 0.948067 0.890690 4.366691 12.799477 5.492432
1.087905 8.228267 8.753616 3.621458 1.018135 15
-17 -6 44
0 0 1 -1 0 0
0.952516 0.972096 0.954446 3.556482 7.129780 2.407151
0.830463 3.751262 8.259721 3.312431 1.112100 15
-53 6 -38
-1 0 0 0 1 0
0.795844 1.111398 0.807468 3.373981 13.007925 10.497894
1.004597 5.830621 1.109582 2.786052 0.948799 10
3 50 -88
0 1 0 0 0 1
0.807501 0.841967 1.175387 3.452767 4.511402 2.676423
0.921792 4.303720 3.630373 2.487637 1.144863 37
64 82 -19
0 1 0 -1 0 0
0.806213 0.797246 1.077130 3.282692 4.770470 9.744438
1.195954 9.045841 5.683416 1.795465 1.125813 5
-23 73 75
-1 0 0 0 -1 0
0.927110 0.831945 1.099249 3.394016 5.882223 3.031168
0.859675 8.761821 6.556802 3.383904 0.787569 34
-63 -32 69
0 0 -1 1 0 0
0.971082 0.990878 1.176876 4.339364 2.838564 7.581980
0.826291 4.195001 5.818243 3.415034 1.022920 1
68 -27 75
0 0 1 0 1 0
0.993259 0.931778 1.065360 3.866574 8.927407 10.392522
1.090041 3.146447 4.136967 3.339208 1.221239 9
-50 80 6
0 0 -1 0 1 0
1.030276 0.857670 0.785467 4.840177 11.726778 9.076269
1.208142 8.952032 2.156514 2.952244 1.052041 38
55 28 -93
0 1 0 0 0 -1
1.004112 0.875232 1.059764 3.581739 9.890017 8.215030
0.912286 8.021597 4.833881 2.437287 0.954384 38
-73 -94 81
1 0 0 0 0 1
0.802683 1.111098 0.882545 3.942448 2.028651 4.912260
0.913005 9.193783 4.330242 3.349993 0.811488 28
70 24 42
-1 0 0 0 0 1
1.196975 0.821681 1.135646 3.342726 8.316424 9.031139
0.893174 6.866090 7.158152 2.357218 0.787999 8
74 -42 -84
0 0 -1 -1 0 0
1.186855 0.889536 1.148583 4.016790 9.279110 3.673654
0.897249 6.179880 2.238825 2.716302 1.071065 4
-68 -29 -84
0 0 -1 0 1 0
0.843597 0.942447 0.952559 3.400531 3.554881 5.403076
0.794201 3.230560 2.642592 3.519945 0.792985 36
-92 97 -63
0 0 1 0 -1 0
0.856777 0.967317 0.866895 3.250766 10.903353 5.881160
0.907364 5.348767 4.564040 3.421343 1.033066 8
85 -100 -4
0 -1 0 -1 0 0
0.913707 0.944443 0.984238 4.679593 2.839108 9.291870
0.787149 4.479610 8.120971 1.155588 0.791373 2
14 59 31
0 1 0 1 0 0
0.805042 0.805951 1.028833 3.887651 1.864648 1.073128
1.036982 7.023432 7.407062 1.402850 0.820347 27
-56 31 45
0 0 1 1 0 0
1.039894 1.017098 0.937111 4.594734 1.814155 6.355333
1.221642 5.318352 4.230265 2.126894 1.012678 40
-15 57 -29
-1 0 0 0 0 -1
1.042440 1.014690 1.051406 3.817370 12.620697 3.787637
0.793193 6.253790 3.685197 2.856781 0.984184 6
-65 22 4
1 0 0 0 1 0
1.215311 1.133989 0.924162 3.091698 6.288436 3.826271
0.945427 3.042031 8.637474 3.315026 1.157614 17
87 35 56
0 -1 0 0 0 -1
1.190516 1.163243 1.001021 3.364078 1.965583 5.339859
1.047414 3.277917 6.538581 1.931783 1.183423 10
38 -50 -59
1 0 0 0 0 1
0.792437 0.965500 1.194596 4.224001 2.284528 1.682812
1.029546 9.360977 6.208180 1.445444 1.207822 34
-39 -7 72
1 0 0 0 1 0
1.121605 0.841271 1.112574 3.667482 8.295426 8.618724
0.970304 4.621111 2.540164 1.358330 0.828428 18
95 8 -31
1 0 0 0 0 1
0.946751 0.943867 1.063318 3.748540 10.955898 7.175217
1.102339 3.519243 7.775161 2.479485 1.062847 26
70 99 75
-1 0 0 0 1 0
1.093878 1.147292 0.964374 3.493637 8.510743 8.159030
1.059837 6.281024 3.512960 1.336366 1.206614 13
77 47 -15
1 0 0 0 0 1
0.959578 0.858365 1.114064 4.720439 4.323831 3.357057
1.113412 6.651997 1.568058 1.960905 0.992310 26
35 -5 69
-1 0 0 0 -1 0
0.907852 1.045728 1.103458 4.577221 3.309314 3.037652
0.897555 3.411598 7.169568 3.864265 1.012582 28
-35 -28 -85
-1 0 0 0 -1 0
0.936889 0.976741 0.939037 3.908346 1.435614 6.265216
0.939436 6.709061 1.522081 1.838123 1.061604 10
62 -45 -48
0 0 -1 -1 0 0
1.128807 0.913314 1.036266 4.050892 1.147850 6.962785
1.167678 7.708578 5.731081 1.224324 1.196964 19
37 -39 -6
0 0 1 1 0 0
1.021020 0.854511 1.024291 4.102733 10.402298 8.276907
0.792002 6.337264 7.886442 3.346092 1.063091 23
-6 -29 91
0 0 -1 1 0 0
0.818455 1.018774 0.918103 3.411285 12.799986 6.336654
1.136322 8.617396 7.466781 3.797191 0.852068 16
-92 -11 -13
0 0 -1 1 0 0
1.076149 1.189905 1.079962 4.140318 1.777659 7.179102
0.791080 9.558229 5.045592 3.729898 0.855063 12
34 -16 28
0 1 0 0 0 -1
0.811376 0.962141 1.176779 3.435342 13.204900 4.082448
1.174359 6.208604 3.113421 4.022240 0.876084 41
-9 -92 99
0 0 -1 -1 0 0
1.185594 0.878150 1.195286 3.388941 3.359226 7.565353
0.925525 6.187174 2.660711 2.263274 0.955163 38
-28 -8 64
0 1 0 0 0 1
1.169217 1.121364 0.809551 3.262208 5.642220 1.324142
1.001616 8.983487 5.097987 2.421403 1.141603 23
-10 -72 -38
1 0 0 0 0 1
0.924008 0.892965 1.036511 4.869101 9.502643 5.560601
1.155729 7.369260 1.556061 1.554199 1.073362 14
-90 10 76
1 0 0 0 0 1
0.938227 1.030785 0.895604 3.316879 7.287361 8.055008
0.946583 7.302185 4.059418 2.739901 1.089605 19
7 45 40
0 1 0 1 0 0
1.221917 0.855327 1.163385 4.857245 7.604894 2.705853
1.149293 7.487854 6.265093 2.910858 0.877251 9
-72 39 86
0 0 -1 -1 0 0
1.162145 1.071248 1.152427 3.662349 7.525912 1.222152
1.137480 8.545313 3.849164 2.131138 1.191550 26
-27 -83 95
1 0 0 0 -1 0
1.040651 0.819875 0.861419 4.031064 5.740574 7.275713
1.090159 8.591521 3.412982 1.588022 1.219544 10
99 -62 -94
1 0 0 0 0 1
1.020252 0.883710 1.189514 4.220663 10.230871 2.624651
1.144356 4.809000 5.521568 3.876736 1.156443 39
-83 35 -81
0 1 0 0 0 1
1.159744 1.184538 1.056115 4.277415 12.208203 1.654350
1.018199 5.314709 9.001314 2.887347 1.022233 38
37 -77 -29
0 1 0 0 0 1
1.015713 1.082928 0.860573 4.181181 3.946681 3.523812
0.987531 8.938779 3.384475 3.563841 1.148715 40
59 51 57
0 0 1 1 0 0
0.960689 0.845658 1.150390 4.219316 13.052617 3.151195
0.976186 9.035568 1.875803 2.743531 0.856136 23
-44 -48 36
1 0 0 0 -1 0
1.168094 1.125579 1.113934 3.243378 10.703956 4.563143
1.166904 3.064959 1.883988 3.348940 1.103842 22
-22 -79 -37
-1 0 0 0 1 0
1.157511 0.847977 0.951740 4.533903 10.524747 3.512271
0.866295 9.428652 7.602959 1.760690 0.955313 22
29 -62 -66
-1 0 0 0 0 -1
1.090646 1.091260 0.967884 3.549819 13.301595 5.487352
1.193731 9.043330 1.434013 1.843659 1.028661 17
-5 -1 23
0 -1 0 1 0 0
0.998153 1.164743 1.219709 3.353438 2.272724 3.144738
0.910990 4.303567 6.562361 1.877654 0.850865 41
-88 92 58
0 -1 0 0 0 -1
1.006192 1.089467 1.208556 4.548117 12.491482 7.286192
0.968595 6.371899 4.260231 1.501298 1.160119 22
-17 -54 -15
0 1 0 -1 0 0
0.960971 0.862595 0.861449 3.079431 13.154320 8.867080
1.142088 4.833822 5.651268 3.026428 1.007920 42
96 -89 45
1 0 0 0 1 0
1.007889 1.195638 0.881486 3.894398 7.635163 6.045922
1.030409 5.593704 3.533655 1.173196 1.205990 27
93 90 -50
0 0 -1 1 0 0
1.079949 0.886837 1.144923 4.619795 6.525256 10.168113
1.212126 3.067515 6.395801 3.115045 1.152064 41
-26 -44 28
-1 0 0 0 1 0
1.148673 1.028633 0.923486 3.553280 6.245720 1.418163
1.023236 5.104111 1.361113 2.564789 0.887357 6
74 54 -23
0 0 -1 -1 0 0
0.872937 1.097681 0.827745 3.046810 11.592442 2.752632
1.210803 6.733426 7.410976 3.426260 0.996469 25
-46 62 83
-1 0 0 0 0 1
0.862687 1.069957 0.998356 3.929373 13.272956 6.604860
0.865287 6.598014 3.129543 2.015390 1.218557 32
-2 -31 -4
0 0 1 0 -1 0
0.910547 0.977230 1.127626 4.536972 6.014301 6.689690
0.886693 6.714276 7.225884 2.740381 0.963179 11
61 -92 62
0 0 -1 -1 0 0
0.876186 1.153730 0.817709 4.707126 13.005929 10.207944
0.913436 5.508094 8.672143 3.918668 1.028521 41
-9 -34 96
0 0 -1 1 0 0
0.996442 1.090933 0.819528 3.629436 6.081082 2.791590
0.896069 8.084322 5.517047 3.406834 0.849483 16
69 -59 57
0 -1 0 -1 0 0
0.929443 1.111503 0.973363 3.230890 8.712719 10.120761
1.209426 6.431673 7.244673 3.925849 1.219031 18
24 35 -77
0 0 -1 1 0 0
0.958153 0.854130 1.179864 4.413017 5.976172 1.194083
0.840242 7.027043 8.539391 1.528907 0.861829 23
52 52 -55
0 -1 0 0 0 -1
1.059901 0.927079 0.857577 4.270532 8.997035 7.327461
1.045854 6.946348 2.695070 2.707813 0.939001 11
-8 -33 -38
0 1 0 -1 0 0
1.137297 1.096103 1.134271 4.295333 12.111391 1.893865
0.806983 6.379990 5.385605 2.987589 0.819549 28
8 -31 84
0 1 0 -1 0 0
1.081675 0.974450 1.186834 4.706085 6.230820 7.221274
0.932191 3.209976 1.501603 2.737334 1.093689 22
-14 -36 -94
0 0 -1 0 1 0
1.209396 1.067433 0.936009 3.657428 5.191505 6.274676
0.807293 7.730520 8.875970 2.780776 0.966661 21
-11 -57 -73
0 1 0 0 0 -1
1.138777 0.791515 0.955872 3.069571 1.485041 1.416691
1.002195 7.552217 5.505341 3.035148 1.021489 9
-59 7 39
0 0 -1 0 1 0
0.917224 1.181130 0.975771 3.238791 6.062820 3.780996
1.046716 4.731442 6.694441 3.283242 1.213590 20
-24 84 -79
0 -1 0 -1 0 0
1.145883 0.818611 0.972312 4.733831 9.681806 1.820254
1.093481 7.577788 2.400654 1.429640 1.190003 19
25 31 73
0 1 0 0 0 -1
0.989555 1.103601 1.057582 3.651611 11.013170 5.375645
0.990649 9.290209 6.894137 2.544279 1.205027 16
68 68 -78
1 0 0 0 1 0
0.994291 1.174987 1.196880 4.496208 1.202818 7.748473
1.198145 4.154799 8.529012 3.546322 0.970851 37
21 -47 37
0 1 0 0 0 1
1.200206 1.200209 1.017781 3.857283 1.674346 3.245719
1.032565 7.313264 6.942641 2.919144 0.894865 11
-92 -59 -68
0 0 1 0 1 0
0.848492 0.960802 0.976749 3.590223 5.288078 7.070410
1.206982 4.497873 5.265379 3.270908 1.203853 19
-2 78 -55
-1 0 0 0 0 1
1.125467 0.838534 0.797362 3.124718 13.013511 2.565338
0.947852 9.478636 3.339524 2.022571 1.023718 35
23 -17 -27
0 0 -1 0 1 0
0.860496 1.194759 0.907410 4.309135 11.030395 6.912327
1.150626 4.314353 3.108987 2.989295 1.028653 12
-29 17 -41
0 1 0 0 0 -1
1.062127 0.917026 1.002624 3.958920 1.829755 3.479470
1.037666 4.988834 4.825503 1.184145 1.006435 11
