0 1 0
142 1 142
5 1 0
86 1 196
124 1 124
129 1 83
181 1 181
187 1 187
57 1 186
6 0 0
2 1 2
31 1 131
52 1 111
71 1 71
112 1 27
186 1 57
5 0 0
66 1 66
108 1 33
115 1 6
148 1 148
200 1 200
3 1 0
62 1 104
99 1 99
172 1 81
18 1 182
4 4 0
6 1 6
92 1 131
120 1 54
134 1 20
46 1 173
81 1 81
173 1 46
182 1 182
3 0 0
19 1 19
35 1 137
42 1 195
2 0 0
175 1 64
185 1 54
2 0 0
16 1 16
23 1 145
6 2 0
37 1 154
65 1 122
93 1 164
113 1 83
158 1 158
189 1 56
138 1 100
153 1 87
1 0 0
140 1 97
3 1 0
12 1 192
97 1 131
177 1 98
174 1 65
3 2 0
28 1 144
53 1 53
107 1 107
51 1 51
94 1 196
1 3 0
64 1 147
80 1 113
122 1 154
131 1 30
0 1 0
72 1 62
2 0 0
102 1 90
167 1 130
0 0 0
0 1 0
146 1 83
2 1 0
5 1 147
95 1 117
179 1 116
3 1 0
43 1 131
56 1 194
67 1 118
75 1 190
3 1 0
3 1 104
14 1 166
63 1 199
82 1 150
1 2 0
45 1 111
39 1 137
163 1 163
1 1 0
91 1 128
29 1 177
1 1 0
135 1 64
130 1 10
0 2 0
54 1 164
151 1 151
2 1 0
47 1 104
199 1 83
154 1 27
0 0 0
2 0 0
50 1 144
119 1 49
0 0 0
1 1 0
73 1 194
78 1 155
1 1 0
155 1 72
85 1 85
1 1 0
96 1 154
41 1 195
1 1 0
132 1 24
20 1 190
0 1 0
144 1 48
1 0 0
89 1 195
0 0 0
0 0 0
2 1 0
100 1 192
184 1 41
76 1 145
0 0 0
0 1 0
147 1 54
1 0 0
98 1 116
0 0 0
0 0 0
0 0 0
1 0 0
116 1 98
0 0 0
2 1 0
104 1 38
105 1 79
8 1 145
0 0 0
1 0 0
1 1 118
0 0 0
0 0 0
1 0 0
70 1 180
0 0 0
0 0 0
0 0 0
1 0 0
4 1 183
0 0 0
1 0 0
22 1 194
1 0 0
61 1 166
0 0 0
0 1 0
136 1 10
1 0 0
109 1 87
0 0 0
0 0 0
0 0 0
0 0 0
0 0 0
0 0 0
1 0 0
48 1 139
0 0 0
0 0 0
2 0 0
13 1 117
160 1 38
0 1 0
38 1 38
0 0 0
0 0 0
1 0 0
34 1 166
1 0 0
60 1 170
1 0 0
152 1 90
0 0 0
2 0 0
110 1 32
169 1 74
0 0 0
0 0 0
0 0 0
0 0 0
2 1 0
139 1 90
162 1 88
59 1 59
1 0 0
88 1 162
0 0 0
0 0 0
0 0 0
1 0 0
77 1 128
0 0 0
0 0 0
1 0 0
11 1 166
0 0 0
0 0 0
0 0 0
0 0 0
0 0 0
0 0 0
1 0 0
25 1 143
