100 100
36 60 63
0 0 1 0 -1 0
1.005768 1.380440 1.148343 4.074470 18.189858 2.671840
0.896559 5.327449 8.306488 3.102146 1.205380 5
-46 -46 4
1 0 0 0 0 -1
1.196644 1.252238 1.391156 3.547719 19.151902 5.699695
0.866455 5.170094 1.711293 3.369541 1.339846 29
-83 8 -55
0 1 0 0 0 -1
0.880770 1.127137 1.088191 3.674655 12.689220 5.792864
1.303879 5.260885 3.488270 3.756728 1.017702 28
-20 21 -96
0 1 0 1 0 0
1.219798 1.083371 0.897440 4.466224 6.328537 22.649722
1.006952 9.518027 5.394248 2.513090 0.841902 36
-49 -99 -18
1 0 0 0 0 1
0.939260 0.873718 1.059577 3.714735 11.863386 11.997259
0.925825 3.852785 4.501534 3.430991 0.816470 18
-13 -69 -65
0 -1 0 0 0 1
0.887896 0.862259 1.131802 5.660444 9.041717 16.498912
0.788481 8.238651 2.321185 3.392277 0.968406 32
-44 32 20
0 1 0 1 0 0
0.831240 0.806278 1.059650 4.033369 1.612972 24.560781
0.806646 8.340067 5.391346 2.036804 0.972111 20
-30 -42 14
0 1 0 1 0 0
0.883918 1.347026 1.334012 5.612640 18.839826 6.749217
1.066398 6.391954 6.815338 3.215373 1.341798 19
13 68 3
0 0 1 0 1 0
1.323888 1.232668 1.055438 3.795969 19.190605 9.281259
0.985443 5.407949 4.053210 2.113760 0.900713 41
90 -65 -2
0 1 0 0 0 -1
1.014643 1.005116 1.265914 3.605818 17.860717 17.250734
1.066746 7.543018 1.640964 3.202315 1.342448 13
34 -51 59
1 0 0 0 0 1
1.389790 1.006647 1.044555 4.929215 6.514459 3.996963
0.799981 8.634287 6.428250 2.356142 0.973239 20
58 -6 74
0 1 0 0 0 -1
0.984758 0.856767 1.307917 3.136809 13.441667 23.883743
0.844358 3.337713 3.480968 2.398059 0.983628 20
-7 -54 -53
0 0 -1 -1 0 0
1.345054 1.277919 0.792837 3.798370 7.349735 4.017583
0.860188 6.159901 3.619956 1.178001 1.334082 29
-80 92 96
1 0 0 0 0 -1
1.261191 0.965630 1.139086 4.225228 2.022615 9.217396
1.330849 6.548795 6.099015 1.915129 0.874218 9
12 26 -25
0 1 0 1 0 0
0.841063 1.175188 1.317334 5.285543 5.402337 10.134990
1.055688 5.856643 2.785272 1.821343 1.115020 13
41 -11 -77
0 0 -1 -1 0 0
1.195793 1.136736 0.945019 4.457079 19.675287 15.141899
0.987267 3.260531 3.016500 3.373325 0.950364 18
-95 -31 -12
0 -1 0 0 0 -1
1.103484 0.823167 1.311058 5.125820 18.953234 12.092066
0.916641 9.435625 8.815828 1.319813 1.342809 1
4 38 29
1 0 0 0 1 0
1.242921 1.129082 0.830735 3.623883 9.498537 20.378031
1.199676 3.265871 6.965690 1.886553 0.882947 27
-92 -26 -26
-1 0 0 0 1 0
1.211510 1.105654 1.156038 3.184535 1.732382 9.590390
1.393478 4.756315 1.143228 2.222286 1.384499 20
-83 -63 28
0 1 0 0 0 1
0.984252 0.815717 1.065302 5.101729 1.115027 8.670014
0.982929 7.453430 8.086257 3.940854 0.908235 33
26 -35 -84
0 0 1 0 1 0
1.089735 0.835804 1.082061 4.081194 3.939643 13.134232
0.998177 5.420136 5.974807 2.648640 1.308606 8
62 -37 -99
0 0 1 0 -1 0
1.055945 1.202729 1.394256 3.405311 13.532736 10.059305
1.169259 9.047525 7.338226 1.778873 1.254103 26
-42 84 38
0 0 1 1 0 0
1.243079 1.174390 1.300902 3.773968 22.086569 10.047651
1.170388 3.146940 5.917452 3.254948 1.210562 8
-69 -92 37
0 1 0 0 0 1
1.175375 1.172146 1.226661 4.458362 18.220986 6.193989
1.277474 5.155415 2.036723 1.179466 1.146496 11
-8 -10 80
0 1 0 0 0 -1
1.108845 1.180279 0.851128 5.314559 15.018346 19.662348
0.869997 5.263807 7.386349 1.351547 0.839284 33
98 90 -87
1 0 0 0 1 0
0.966845 0.850246 0.805935 4.603904 3.844057 9.103810
0.908130 6.262293 3.580019 3.726003 0.978750 29
29 -19 -57
0 -1 0 0 0 -1
0.826715 1.395525 1.178042 4.510673 9.892514 23.585363
1.392986 7.926580 2.639674 2.999212 1.335344 23
-59 32 -31
0 0 -1 1 0 0
0.805334 1.351318 1.347186 4.034068 13.312952 14.897191
0.917300 7.535821 3.579804 1.929631 0.835472 2
-91 -28 -38
0 0 1 0 1 0
1.204974 0.942727 1.036953 3.462941 4.895222 17.641578
1.362021 3.164628 7.182479 1.012482 1.267068 13
76 89 -73
0 0 1 0 1 0
0.981337 0.838554 1.331590 4.880940 6.910167 1.946030
0.864704 7.601525 7.743987 2.193327 1.231738 30
67 96 -24
-1 0 0 0 0 -1
1.143946 1.390710 0.909959 5.539024 14.385491 5.040187
0.834570 8.995758 1.922947 2.033582 1.202447 9
97 -2 76
0 -1 0 1 0 0
0.857587 1.194283 0.959996 4.702514 17.149313 9.221055
1.002803 6.084050 6.207030 2.793435 0.808882 13
52 31 -51
1 0 0 0 -1 0
1.308765 1.355353 1.235019 3.597491 7.736248 6.192634
1.306528 6.533168 6.129571 2.071208 1.154761 29
57 22 -85
-1 0 0 0 0 -1
0.951366 1.193596 1.088436 5.485185 21.560484 18.095778
0.935123 5.748720 2.904813 1.543896 1.067942 41
-67 52 67
-1 0 0 0 0 1
0.978722 1.363429 1.091081 3.149387 18.204127 11.622911
1.094011 4.579596 1.204515 1.423269 0.879777 26
40 -16 -21
1 0 0 0 -1 0
1.264629 1.176097 1.099144 4.980680 1.609547 1.865856
0.793115 7.603936 6.785525 1.213117 1.327427 22
-40 -76 31
0 1 0 0 0 -1
0.956211 1.226049 1.325437 3.395884 6.650804 12.584526
1.216212 4.507613 5.003009 4.177684 0.828298 1
-76 -12 97
0 0 -1 0 1 0
1.103925 1.270002 1.081558 5.570045 18.901705 16.512428
1.288664 5.303033 3.290156 3.210695 1.249107 17
-70 94 68
0 0 1 0 -1 0
0.837632 0.961491 0.935203 3.815781 2.769532 22.203899
1.163204 3.624441 4.447714 3.067865 0.966629 30
63 90 25
-1 0 0 0 1 0
1.233628 0.907508 1.047701 3.836843 19.842312 2.614133
1.160298 8.070434 5.806034 2.056269 1.159127 9
-77 -19 1
0 0 1 1 0 0
0.925897 0.896217 1.312745 3.595842 19.911786 18.043794
0.957785 6.626439 5.928633 1.985977 1.331151 27
-98 72 -25
1 0 0 0 0 1
1.238925 1.153467 1.165029 3.461626 15.389662 4.337417
0.830244 6.825219 3.603884 4.040022 0.834051 16
50 83 97
1 0 0 0 0 1
1.154296 1.203248 1.394262 4.635336 12.974377 13.433088
0.913896 8.121413 4.175092 3.362648 1.234654 22
-93 -94 -61
0 0 1 0 -1 0
0.916189 0.828081 1.234010 5.235424 15.751352 15.789815
1.249889 8.074897 3.384136 1.480193 0.957244 8
13 57 -73
0 1 0 0 0 1
0.974903 1.259312 1.029727 4.647627 15.789736 9.221249
1.348637 6.660192 3.485768 2.869418 1.312909 42
-96 48 -85
0 0 -1 0 1 0
0.936480 0.827522 0.925351 5.618455 6.386155 12.146983
1.120789 7.334820 3.180662 1.053986 1.200248 19
-80 -66 -71
0 -1 0 0 0 -1
1.095440 1.187628 1.041533 5.477285 5.044319 24.224921
0.988450 6.862436 7.023592 2.636127 1.029942 25
23 38 -42
0 0 -1 -1 0 0
1.331528 1.097425 0.852208 3.433303 8.678679 17.727546
0.825227 7.949922 8.087574 3.037610 1.340663 23
-23 -98 -62
0 -1 0 -1 0 0
1.336170 0.878943 1.362954 3.725800 19.406032 17.108074
0.849366 6.382178 4.461181 1.597028 1.021640 25
-57 80 -30
0 -1 0 0 0 -1
1.241611 1.107330 0.815002 3.663277 10.922807 13.907842
1.167852 5.137291 8.121895 2.935003 0.973181 30
49 37 24
0 -1 0 -1 0 0
1.182963 0.825525 0.837434 3.469748 17.115747 17.753879
0.853108 3.314095 6.057258 1.138160 1.279826 19
-69 81 -80
0 0 -1 -1 0 0
0.831541 0.937499 1.366770 3.902318 18.855841 7.966424
1.051793 5.776440 4.337229 3.481940 1.247223 29
23 22 -21
1 0 0 0 -1 0
0.865065 1.272703 1.124924 4.978191 4.063690 12.815348
0.895159 3.861175 1.582529 2.134014 1.248482 32
13 96 21
-1 0 0 0 -1 0
1.241975 1.381510 1.263693 4.798269 15.343185 18.749813
1.279417 8.986172 4.152742 3.436022 1.201664 40
-29 -90 -87
0 0 1 1 0 0
0.978535 1.126192 1.019334 3.659361 5.935345 9.335904
1.036048 6.333750 6.469969 3.481708 1.192557 22
52 -36 14
0 -1 0 1 0 0
1.218278 1.232949 1.172707 3.125840 10.390883 20.707112
1.313701 8.194943 2.058189 2.239926 1.347374 32
25 1 -60
1 0 0 0 0 -1
1.044964 1.116832 0.864765 4.819441 3.451068 11.018029
0.897874 8.035939 3.255863 4.149762 1.162401 28
-92 -69 59
0 -1 0 1 0 0
1.190023 1.286762 1.157880 5.392969 14.345050 1.852799
1.120118 6.112971 3.588186 2.337783 0.847367 12
100 13 -49
0 0 -1 0 -1 0
1.338629 1.218266 1.191226 4.124888 8.101503 13.889453
0.992167 4.684222 1.647559 1.172987 1.221775 28
60 67 71
0 1 0 0 0 1
0.907972 1.173918 1.145780 4.121953 1.348286 7.692636
1.125910 7.115055 7.004405 2.987352 1.237362 2
38 68 -22
-1 0 0 0 0 -1
0.956694 1.264378 1.065196 5.131492 9.839308 18.313533
1.004540 6.979375 2.664939 2.463073 1.286501 16
-80 39 -1
0 0 1 -1 0 0
1.251528 0.826715 1.101243 3.513387 11.046793 10.753444
1.220664 3.722147 3.417976 2.809683 1.324913 31
47 11 68
-1 0 0 0 1 0
1.319953 0.863269 1.122108 4.180586 12.920857 11.483686
0.904286 6.433881 4.578637 3.635955 1.093574 2
-23 -77 -10
1 0 0 0 -1 0
1.363265 1.263969 1.095192 3.019671 16.926553 6.106877
1.199669 8.996885 1.914421 4.161224 1.335621 37
-7 -94 -15
0 0 1 -1 0 0
1.170491 1.063065 1.089623 4.485362 3.556009 20.721806
0.959775 5.364234 4.035899 2.442518 0.884441 17
-30 -69 -48
0 1 0 1 0 0
0.949076 1.112145 1.067585 3.845667 13.308538 24.881440
0.961660 4.374443 2.297698 4.040927 1.144436 38
29 71 -45
0 1 0 1 0 0
0.941221 1.269759 0.820582 4.072693 11.450087 8.236311
1.329359 5.525973 4.768642 3.011359 1.091568 30
-10 43 33
0 0 1 0 -1 0
0.792252 1.060944 1.065780 3.743889 18.540263 10.516717
0.790138 3.727374 5.759960 1.451381 0.901146 2
-48 25 -8
0 -1 0 -1 0 0
1.009996 1.158128 0.805809 3.383249 5.252199 16.259239
1.348202 6.683908 4.417557 1.294445 0.980225 24
2 -32 -38
0 0 -1 0 1 0
0.845970 1.264533 1.065151 5.464710 12.799078 21.707094
0.930298 3.589196 2.942790 3.700790 1.339268 13
-90 -2 30
1 0 0 0 1 0
0.914763 0.998092 0.945564 5.609187 10.251467 15.003229
0.924350 5.803758 1.598367 2.726672 0.901681 12
-15 15 34
-1 0 0 0 1 0
0.969787 0.787202 1.355642 4.766459 21.886655 6.804638
0.853056 9.017250 2.707492 1.439312 1.283769 32
90 -93 -30
0 0 -1 1 0 0
1.063661 1.310756 1.195970 3.498642 9.057914 2.495265
1.051834 8.538340 8.263832 2.003129 1.360195 15
39 -60 -30
0 0 -1 0 -1 0
1.372338 0.818214 0.981250 5.061809 10.813512 11.669820
1.097734 6.378165 3.135066 3.012428 0.795319 31
-72 48 -21
-1 0 0 0 0 1
1.373684 1.109771 0.998535 5.634375 1.687914 16.243631
0.938762 4.742292 1.294782 2.713388 0.798426 33
76 43 16
0 0 1 1 0 0
1.214777 1.169565 0.959908 3.948758 5.210954 12.426186
1.019688 5.397142 1.950431 3.166963 0.816639 18
-90 48 -27
0 -1 0 -1 0 0
1.043279 1.201441 0.827734 4.061717 6.430848 23.622036
0.893845 5.011117 4.610765 1.825688 1.002658 35
-72 -90 30
0 1 0 0 0 1
0.923593 1.338135 0.800686 3.206589 11.344153 23.927089
1.043377 5.888792 3.943479 1.518782 0.910823 40
83 -100 -52
1 0 0 0 -1 0
0.817697 1.123616 1.090114 3.163803 14.642891 7.148727
1.395526 8.122069 6.702854 3.506072 1.025942 19
5 -46 50
1 0 0 0 0 -1
1.174406 0.837888 1.255407 5.387647 11.001989 14.349180
0.926694 9.102444 3.661985 1.220367 1.378907 4
37 17 21
-1 0 0 0 -1 0
0.952762 1.359085 0.864877 4.232910 21.775193 21.989217
1.114690 4.829120 3.552652 1.159061 1.245705 28
-38 34 40
0 0 1 1 0 0
1.087610 1.060253 1.362597 3.874219 3.945115 10.352725
1.042433 5.514355 5.759181 2.242564 1.072484 41
44 -69 37
0 1 0 0 0 1
1.111364 1.342977 0.932092 4.844815 13.022045 5.651649
1.345686 8.222122 8.376097 1.347324 1.317953 42
51 51 66
1 0 0 0 0 -1
1.021410 1.136639 0.906846 4.638954 4.862331 24.629759
0.877650 3.726562 8.463477 3.728632 1.165939 11
-50 35 -22
-1 0 0 0 1 0
0.819738 1.111670 1.135793 5.427215 10.751193 20.502731
1.282169 5.592199 2.020168 2.116280 1.050932 36
29 -19 -38
0 0 -1 1 0 0
1.367473 1.215105 1.030357 4.834263 20.243152 7.000868
0.929461 4.615480 6.698257 4.204255 1.383669 38
-43 -75 -33
0 0 1 0 -1 0
1.088086 1.110740 1.042379 4.844958 20.945766 22.407816
1.057715 7.614463 7.854104 4.210601 0.864570 23
95 67 -9
1 0 0 0 -1 0
1.198190 0.919606 1.357580 3.593025 10.528147 19.545628
1.119231 7.807301 3.623466 1.427546 0.962451 9
-96 -82 99
0 0 1 0 1 0
1.101711 0.856849 0.863246 4.738640 1.172806 24.677807
0.828167 7.129183 8.303369 1.576780 0.846833 9
6 -1 64
0 0 -1 -1 0 0
0.882188 1.211388 1.393737 4.734381 21.889969 24.060977
1.125116 7.480427 7.924451 4.133745 1.366078 33
-63 -47 -24
0 -1 0 1 0 0
1.249582 1.313795 0.867747 3.721348 2.190943 7.702472
1.050074 7.868238 8.488787 1.777905 0.874912 17
78 70 -2
0 1 0 0 0 1
0.925139 0.797281 1.266806 3.787117 16.068566 21.103794
1.235527 4.795605 3.401924 3.225809 1.315075 20
-22 63 -5
0 0 1 1 0 0
1.337906 1.002106 0.971953 4.610866 19.807499 23.079131
0.939845 6.933691 4.832638 2.044956 1.340525 8
37 31 10
0 0 -1 0 1 0
1.350414 0.830777 0.828683 4.370964 13.592419 5.490978
1.337887 8.322282 8.056462 2.244305 1.015250 38
-4 -76 -26
0 -1 0 0 0 -1
1.308807 1.067670 1.155949 3.693998 13.750023 21.705135
1.323226 5.565802 8.916773 2.826945 1.246832 41
23 -79 -20
0 -1 0 0 0 -1
0.792998 1.103531 1.224984 4.949272 10.074925 1.666038
1.286205 3.809722 4.858775 1.205397 0.787692 24
91 77 51
0 1 0 0 0 -1
0.990297 0.804941 1.195971 4.255461 14.004333 23.550285
1.244301 3.913192 6.359878 2.609759 0.802561 2
-73 -67 96
0 1 0 1 0 0
1.328644 0.823272 1.338714 5.277655 14.917974 20.430848
0.796540 8.101470 3.923483 3.144734 1.257796 21
69 28 -31
-1 0 0 0 1 0
1.205316 0.966288 1.136776 3.865338 19.111532 6.163668
1.077135 7.592450 2.519501 3.888774 1.297382 40
37 55 -12
0 -1 0 0 0 -1
0.918318 1.374239 1.162958 3.681558 9.121236 16.763629
1.284254 8.796494 2.626399 1.198721 1.382129 17
3 11 -12
0 1 0 0 0 -1
0.856518 1.053777 0.899256 4.845881 3.936365 15.433254
0.833402 7.691248 7.808563 3.513418 1.130521 3
28 -10 23
0 1 0 -1 0 0
1.103522 0.800974 0.810199 4.439098 6.383656 23.409166
1.246938 6.033053 7.326177 2.497992 0.788034 22
-2 -13 68
-1 0 0 0 -1 0
0.793309 0.828182 1.242423 4.512848 8.515623 24.393241
1.050243 5.354163 5.181478 3.260897 1.003685 41
-82 19 31
0 0 -1 -1 0 0
1.366303 0.857833 1.016390 3.877106 21.317290 4.299458
1.374938 7.219308 3.593265 2.186263 1.339516 29
90 -37 -11
0 -1 0 0 0 -1
1.302999 0.801352 1.349019 3.479295 6.414005 12.367329
1.353696 3.088661 8.927287 4.222408 0.927933 17
-67 1 -54
0 0 -1 1 0 0
1.037459 1.296341 1.051579 3.202077 4.497248 11.341313
1.103000 5.393530 2.248615 2.288139 1.206099 36
74 -10 -34
0 -1 0 0 0 -1
0.855079 1.120781 0.846781 4.105149 2.175166 5.998577
1.252576 3.042200 7.675357 2.144163 0.929730 5
85 35 -56
-1 0 0 0 0 -1
0.868515 0.930297 0.971434 5.070425 20.376101 23.209950
1.207699 7.622196 5.937060 1.412588 1.370855 9
-79 7 44
-1 0 0 0 -1 0
0.840285 1.114357 1.147035 4.426705 19.886601 14.777055
0.804922 5.458558 6.408266 2.004497 1.017144 14
-89 67 -64
1 0 0 0 0 -1
0.885650 1.172732 1.268938 4.573269 17.195392 6.964310
0.920339 3.153914 2.972290 3.748439 1.166832 43
-84 79 -85
1 0 0 0 -1 0
1.368648 1.063174 0.912357 3.831561 16.882657 19.514618
1.147660 9.517026 7.707073 2.816736 1.311354 24
23 -33 -47
1 0 0 0 -1 0
1.093962 0.834894 1.170142 3.541893 6.461775 4.784585
1.146432 5.484196 4.442958 2.501824 1.131864 18
39 -70 59
1 0 0 0 1 0
1.079928 0.960622 0.953615 5.062739 14.011935 12.530110
1.149044 3.231091 4.448999 2.744511 1.073812 34
-62 55 -69
1 0 0 0 0 1
0.919839 0.889155 0.868393 5.525302 14.726392 20.114500
0.823024 5.278133 4.331324 3.006067 0.840850 25
-5 -81 -90
0 0 1 1 0 0
1.125640 0.962917 0.912498 4.191521 20.805583 17.865085
0.935166 6.884190 3.452438 3.974358 1.336898 3
-87 -80 39
-1 0 0 0 0 1
0.983973 1.176938 0.927981 3.554613 19.671716 23.514285
1.369839 4.315372 8.901466 3.875245 1.038076 23
-22 -58 10
0 0 -1 0 1 0
0.923232 0.931388 1.064185 5.517780 18.133849 18.535252
1.198293 9.286341 3.121864 1.538212 1.167220 3
0 45 -51
0 1 0 1 0 0
1.026360 1.007600 1.118214 4.399395 9.774211 13.702446
1.363917 8.221283 6.026987 2.326305 1.281935 12
-65 -69 -50
1 0 0 0 0 1
0.785999 1.313560 0.904165 3.202837 17.191764 20.844727
0.982811 5.597377 4.454157 1.847925 1.077529 35
-13 81 21
0 0 -1 0 1 0
1.203481 0.997737 0.931803 4.691655 7.828070 13.680250
0.951542 4.894306 4.305303 3.162185 0.919427 33
-36 -99 25
0 -1 0 1 0 0
1.343682 0.821016 1.017197 4.669557 6.986704 10.867624
0.873459 9.222696 7.603783 1.189086 1.197153 7
-11 -85 78
0 0 -1 0 1 0
1.257423 0.803790 1.080610 4.232132 10.935672 17.570912
0.975383 7.031060 7.247514 3.262185 1.094519 25
42 79 -57
0 -1 0 1 0 0
1.006366 0.797912 0.949779 3.948930 21.530513 6.421315
1.090741 4.227718 2.623008 1.127645 0.915884 29
85 -85 -30
0 1 0 -1 0 0
0.953069 1.178784 1.237022 4.841814 7.117217 17.808188
1.010204 5.743701 1.040089 1.700691 1.265897 31
93 -22 -71
1 0 0 0 0 -1
0.988842 0.889579 1.001697 4.875874 19.476775 4.889847
0.793401 5.659181 1.060542 2.775343 1.186337 24
58 90 -58
0 0 1 0 -1 0
1.276622 0.973474 1.153018 5.048103 12.677896 9.231805
1.107412 4.730161 7.456947 1.417245 0.966425 7
-27 -82 45
1 0 0 0 1 0
1.125361 1.065809 1.122260 4.800162 6.888813 13.326078
1.052953 7.939069 7.888748 3.517040 1.099512 38
-9 -58 -26
-1 0 0 0 1 0
1.128604 0.886305 0.969647 4.430468 4.599079 22.802111
1.342114 5.861535 3.657614 3.903324 1.378702 44
55 -66 38
0 0 1 0 -1 0
1.104439 0.983385 1.192864 3.073962 9.579727 23.616137
0.794325 4.075244 6.201148 2.626526 0.846014 18
99 99 -2
0 1 0 1 0 0
1.388310 0.889512 1.097413 3.388330 17.209833 9.660442
0.899832 3.852691 3.993873 3.647336 0.896034 17
70 89 -31
0 0 1 -1 0 0
0.908993 1.366071 0.837415 4.301641 18.055076 18.334529
1.165178 9.206233 8.403106 3.685768 1.118851 36
-74 18 62
-1 0 0 0 0 -1
1.029289 1.010138 1.012572 4.369612 21.292627 7.658731
1.188743 7.169098 3.912363 3.015527 1.239551 30
78 75 -26
1 0 0 0 -1 0
0.951061 1.290968 1.183174 3.390698 13.420368 10.777123
1.093887 4.997080 2.557237 1.216402 0.941851 4
-83 -45 20
-1 0 0 0 0 1
1.093839 1.203692 1.143681 3.505929 1.122221 17.484515
1.271804 6.712570 8.127262 1.165942 1.212361 12
95 -72 -10
0 0 1 1 0 0
0.834589 1.203254 1.078279 5.053292 16.849979 24.402525
1.142523 3.499866 6.032709 1.495263 1.198295 20
-28 -14 -7
0 1 0 1 0 0
1.325286 0.807254 1.254692 4.632726 19.233904 17.664835
0.833396 6.046461 8.769597 1.432317 0.958747 30
-72 54 34
0 0 1 0 1 0
1.166152 1.181536 0.924609 4.038196 9.977527 2.986159
1.127894 9.263496 3.706969 3.565622 1.143997 18
42 2 -28
0 0 1 0 -1 0
1.049871 1.098803 1.091693 4.364417 16.667184 21.228962
1.078743 8.704583 7.123108 1.455882 1.208454 1
-17 52 -54
0 1 0 -1 0 0
0.812136 0.794515 1.347450 3.970581 20.008235 14.921567
0.933735 6.409008 3.511985 1.431667 1.366230 43
91 84 12
0 1 0 0 0 1
1.187680 1.297590 1.142244 5.195919 1.026295 10.942787
1.029932 7.528632 6.912102 1.800730 1.089615 31
-50 -13 0
0 -1 0 -1 0 0
1.255405 0.919037 0.929123 3.790578 11.798066 15.974811
0.848845 9.205749 7.356747 2.888450 1.377165 35
-87 48 19
0 0 -1 0 1 0
0.892720 1.153496 0.870042 3.803713 5.493756 23.951473
1.002020 3.715522 4.294715 2.249071 1.291519 5
65 -62 -58
0 0 1 -1 0 0
1.311320 1.227631 1.210290 5.424687 6.371099 8.420200
1.135030 8.496135 1.349013 1.886004 1.314718 5
-57 -21 -50
0 1 0 0 0 1
1.290792 1.064638 1.240265 4.606526 9.788749 12.544553
1.358794 9.344847 4.080912 2.200919 1.294026 23
-24 67 26
-1 0 0 0 -1 0
1.122227 0.923852 1.212164 4.660772 12.131120 24.596844
1.115524 8.917137 1.636262 1.153778 1.209415 27
50 77 56
-1 0 0 0 1 0
0.915946 1.265929 1.337870 5.425993 8.094000 17.726208
1.103270 6.064595 2.285545 2.500027 1.224365 1
5 -33 8
0 -1 0 0 0 -1
1.291954 1.137764 0.790776 4.882162 13.030665 15.672906
1.015048 9.652902 1.236416 3.407739 0.827580 19
49 -57 -85
0 1 0 -1 0 0
1.063012 1.198033 1.175479 4.386200 4.494515 18.985885
1.109778 3.442411 5.823101 3.807968 1.217815 44
-54 -17 -63
0 1 0 0 0 1
0.904847 1.122255 1.284701 3.220940 1.837979 13.260989
1.290215 8.133990 6.381926 3.237999 1.244037 13
-40 -69 41
0 1 0 0 0 -1
0.942022 1.375331 1.197936 3.038809 17.979618 9.279205
0.977677 9.240299 2.243114 2.417965 1.087235 25
-19 -96 -92
0 -1 0 0 0 -1
1.302535 0.915294 0.794272 4.791245 14.571294 12.560861
1.307515 3.176296 2.173927 1.211918 1.029649 7
-76 -32 -76
0 1 0 -1 0 0
1.237005 0.850322 1.076800 4.064707 4.367154 1.330325
1.297092 3.374856 3.839309 1.775217 0.941093 4
-35 -89 8
0 -1 0 0 0 1
0.953001 0.804538 1.333396 4.525590 18.417046 6.285780
0.967264 3.940746 2.449004 2.215867 0.848603 15
-51 -78 8
0 0 1 -1 0 0
0.906832 1.042545 0.886517 5.541433 16.778419 18.130066
1.083019 7.935861 1.075450 2.206934 1.338854 41
-47 21 18
-1 0 0 0 -1 0
1.034861 1.099356 1.135848 5.401223 13.286773 10.613199
1.124175 6.024285 4.627592 2.959327 1.335330 15
-86 -91 -2
0 -1 0 1 0 0
1.388190 0.914882 1.031031 3.786560 12.177793 12.526079
1.135519 3.894539 4.864098 2.972176 1.211071 44
-25 -42 98
0 -1 0 -1 0 0
0.874248 1.033322 1.093076 4.533839 14.328176 17.172383
0.946917 4.021964 7.633291 3.471869 0.987914 37
68 46 -12
1 0 0 0 -1 0
0.994546 1.235295 1.261387 4.303275 6.165639 4.552664
0.934667 3.860699 1.682158 2.451711 0.993850 27
59 -93 96
0 1 0 0 0 -1
1.072517 1.031390 1.294032 4.149481 1.686866 9.421909
1.209000 5.092256 1.389984 1.824323 1.198758 7
-69 10 -5
0 1 0 0 0 -1
1.330314 0.811074 0.849968 3.630669 11.763366 3.171030
1.298581 4.813652 7.868059 1.928814 1.169203 15
-65 -87 92
-1 0 0 0 0 -1
1.002885 0.854545 1.385772 5.306185 20.751695 13.226040
1.125970 8.768398 7.998343 2.508068 1.089845 4
87 -95 93
0 0 1 0 -1 0
1.370894 1.145131 0.797334 5.335090 6.080914 13.251721
1.198322 4.007386 2.583004 1.234203 1.216990 21
2 5 78
0 0 1 1 0 0
1.070402 0.809492 1.211936 4.740964 20.933698 4.405222
1.122552 4.932619 2.761536 1.772768 1.137925 27
-14 74 68
0 0 -1 1 0 0
1.118960 0.952513 0.834023 3.197797 21.187097 22.376877
1.109639 6.160014 2.989575 2.281864 0.999882 18
-5 -87 5
-1 0 0 0 1 0
0.901764 0.948193 0.976938 5.097736 10.947794 21.113932
1.254584 5.246042 4.332068 2.710687 0.886943 26
6 16 76
0 1 0 1 0 0
0.889378 1.294671 1.201788 4.191355 10.031441 13.742219
1.389323 8.325131 7.229798 3.091952 1.094963 37
52 59 -25
1 0 0 0 0 1
1.179624 1.209116 0.971085 4.938481 2.416230 3.816769
1.075780 5.652755 3.591571 3.016254 1.046596 22
76 99 -41
0 -1 0 0 0 1
1.008167 1.132677 1.200257 3.015855 18.686363 1.553552
0.966139 7.656031 3.553528 1.316794 0.941441 30
94 -11 -83
0 0 -1 1 0 0
1.023237 0.880464 1.374117 4.943718 11.682715 17.934444
0.970944 8.570495 6.215258 2.660038 1.007122 8
57 42 -65
0 0 -1 0 1 0
1.318360 0.955874 0.872340 4.494910 3.708942 16.430141
1.110957 4.291113 5.386472 1.137912 1.209723 11
-41 8 -84
0 0 1 -1 0 0
1.325596 1.073981 1.340867 4.711617 5.074617 5.467844
1.225186 6.523853 6.528683 1.013139 1.375044 3
11 13 23
1 0 0 0 0 1
1.385293 1.227977 1.110347 3.590859 10.100839 8.395853
1.106294 5.836497 7.906296 1.677450 0.896866 3
-88 63 -89
-1 0 0 0 0 -1
1.119995 1.311240 1.054178 4.143561 2.917330 19.989031
0.938789 7.567690 7.691669 3.102991 1.000312 19
5 -91 69
0 0 -1 0 1 0
0.809418 0.826817 1.369874 3.887915 15.624366 8.298012
1.154457 4.265387 8.279888 1.663582 1.156389 10
56 -73 2
-1 0 0 0 1 0
0.815509 1.255676 1.085751 3.359980 3.274324 1.448282
1.237383 3.061912 3.134381 4.207790 1.183366 12
50 35 58
0 0 -1 1 0 0
1.003282 1.321765 0.986006 3.035956 20.353717 22.419734
1.011905 3.073462 8.159426 1.989140 1.284293 40
-82 -41 100
0 0 1 -1 0 0
1.333954 1.349584 1.326238 3.353688 16.529071 12.724763
1.298251 5.304178 5.957004 3.557187 1.102195 42
-73 30 1
0 0 1 -1 0 0
1.116117 0.933107 1.096816 3.613639 16.270985 19.328647
0.923316 3.437101 6.933020 1.760850 1.115050 34
-30 -92 -1
0 0 1 1 0 0
1.296745 1.034582 1.070099 5.229297 7.445698 12.026050
1.161647 7.210492 7.645534 3.774755 0.993806 28
14 -44 -35
0 0 -1 0 -1 0
1.184445 0.966786 1.127556 4.901356 12.411704 21.349560
0.856856 6.543241 2.771618 3.936091 1.288595 27
2 40 -16
0 -1 0 0 0 1
0.921392 0.971626 0.990990 5.261327 15.384214 6.121742
0.912410 3.051376 6.645300 1.098623 1.049227 23
12 49 22
-1 0 0 0 0 1
0.939638 0.825690 1.024908 3.444387 16.665000 13.597597
0.848430 4.125362 8.577695 1.213220 0.841359 10
-27 -79 -94
0 1 0 1 0 0
1.366643 1.303066 1.216667 4.526474 16.392528 24.311202
1.371432 5.689505 3.144860 1.335336 1.185041 21
-59 -96 32
0 0 1 0 1 0
1.396667 1.187776 1.001667 5.530977 18.868499 10.571540
0.948068 3.118070 8.185157 1.035533 0.836264 18
-31 76 26
1 0 0 0 0 -1
1.383766 1.339818 0.900284 5.061104 12.994512 12.836707
0.818422 7.486180 6.415804 3.456253 1.047035 12
42 0 -70
0 0 1 1 0 0
0.999940 1.109457 0.987243 5.406473 18.932391 23.910682
0.802919 9.290351 1.095858 3.371187 1.077216 27
-9 3 -69
-1 0 0 0 0 1
1.336679 1.161149 0.898398 3.358336 17.889541 21.793408
1.243651 7.380148 1.905165 3.841147 1.235747 10
96 -34 96
0 1 0 -1 0 0
1.198284 0.854828 0.876428 4.883580 3.707935 21.501381
1.312906 7.762022 5.894913 3.607155 1.238294 32
41 -67 15
0 -1 0 0 0 1
1.288180 1.129499 0.964357 4.997260 15.108416 2.568077
0.801490 7.108318 2.409537 1.021818 0.928669 10
-85 97 11
0 -1 0 -1 0 0
1.184071 0.811108 0.921836 3.106985 17.530187 16.272196
0.791633 8.950295 8.435396 2.298514 1.231491 17
-57 -64 73
0 0 -1 -1 0 0
1.219230 0.929654 1.032228 5.524664 9.885849 16.896440
1.252375 8.957403 4.741342 2.123152 1.087642 7
87 24 71
0 0 1 -1 0 0
1.169133 1.159285 0.955477 4.325469 18.738258 25.231772
0.856058 8.090928 2.238464 3.549395 0.833369 42
66 -61 -90
0 0 1 1 0 0
1.026804 1.017412 0.838112 3.673526 13.434398 21.973585
0.921040 9.527110 8.697758 3.472794 1.250644 2
95 -42 -4
-1 0 0 0 1 0
1.015269 1.120290 1.272058 5.060628 20.843175 13.737391
1.095812 5.807609 5.655788 1.540243 0.800758 36
-90 73 -36
0 1 0 0 0 -1
1.000644 1.247067 1.169185 5.579895 21.419374 4.340825
1.006304 7.087550 3.930009 2.084588 1.336366 41
37 -21 -38
0 1 0 -1 0 0
0.980231 1.127586 0.808025 3.486697 15.302473 14.849030
0.785773 8.241077 1.280453 3.401889 1.098604 6
82 -24 -40
-1 0 0 0 -1 0
1.349104 1.065114 1.160031 4.218076 3.023933 4.302457
0.916335 8.348661 5.482888 1.165500 0.806646 15
-7 -68 93
0 0 -1 0 1 0
0.978315 1.108848 1.169207 3.704650 15.065957 12.436067
0.836545 7.416087 8.798846 1.116686 0.881224 24
36 -2 -9
0 0 1 0 -1 0
0.908527 0.814221 1.389906 4.187742 13.405348 16.783985
1.021537 9.062721 2.534696 3.484051 1.196718 40
-22 5 -96
0 0 1 0 -1 0
0.946598 1.182431 1.001076 5.186957 15.620304 5.604954
1.120569 7.720301 2.103705 4.155987 1.072945 32
