0 2 0
68 1 68
94 1 94
12 0 0
9 1 194
16 1 16
31 1 31
63 1 63
84 1 146
119 1 119
148 1 148
159 1 53
160 1 160
194 1 194
195 1 195
197 2 78 197
5 2 0
49 1 103
65 1 114
128 1 128
142 1 142
179 1 179
103 1 49
114 1 65
1 0 0
102 1 102
3 2 0
116 2 71 92
167 1 82
178 1 77
45 1 45
59 1 132
2 0 0
71 1 198
191 1 15
2 0 0
39 1 141
151 1 122
1 1 0
50 1 116
188 1 72
4 2 0
8 1 169
47 1 133
51 1 110
200 1 64
57 1 165
150 1 149
2 2 0
121 1 12
130 1 48
105 1 33
138 1 13
2 0 0
14 1 196
93 1 50
2 1 0
146 1 146
186 1 80
55 1 137
4 1 0
53 1 188
85 1 143
137 1 55
165 1 28
73 1 154
0 1 0
162 1 77
2 0 0
29 1 158
44 1 145
2 0 0
122 1 92
182 1 36
1 0 0
98 1 151
1 1 0
127 1 15
17 1 140
1 2 0
152 1 152
38 1 159
90 1 106
1 0 0
184 1 21
0 1 0
58 1 140
1 1 0
173 1 36
48 1 109
1 0 0
72 1 186
2 0 0
109 1 109
134 1 52
1 1 0
113 1 88
21 1 154
2 0 0
54 1 143
106 1 92
1 1 0
75 1 123
107 1 33
2 0 0
136 1 38
161 1 46
1 0 0
26 1 120
0 0 0
2 0 0
5 1 106
170 1 87
0 0 0
0 0 0
1 1 0
11 1 88
46 1 104
1 0 0
104 1 30
1 0 0
169 1 86
1 0 0
139 1 36
0 0 0
1 0 0
124 1 48
0 0 0
0 0 0
0 0 0
0 1 0
166 1 166
0 1 0
117 1 117
1 0 0
176 1 92
1 0 0
154 1 36
1 0 0
181 1 76
0 0 0
0 0 0
0 0 0
2 0 0
66 1 192
88 1 181
0 0 0
3 0 0
92 1 177
140 1 1
141 1 42
0 0 0
1 1 0
190 1 12
174 1 52
0 0 0
0 0 0
0 0 0
0 1 0
111 1 111
0 0 0
1 0 0
23 1 23
1 1 0
43 1 143
189 1 88
0 0 0
0 0 0
0 0 0
1 0 0
177 1 77
0 0 0
0 0 0
0 0 0
1 0 0
96 1 132
0 0 0
0 0 0
1 0 0
168 1 52
0 0 0
0 0 0
0 0 0
0 0 0
0 0 0
2 0 0
125 1 13
187 1 187
0 0 0
0 1 0
67 1 67
1 1 0
108 1 35
126 1 1
0 0 0
0 0 0
0 2 0
83 1 108
118 1 1
0 0 0
1 0 0
185 1 2
0 2 0
10 1 192
164 1 69
1 0 0
91 1 91
1 0 0
62 1 62
0 0 0
0 0 0
1 0 0
171 1 4
0 0 0
1 1 0
41 1 149
196 1 196
0 0 0
0 0 0
1 0 0
144 1 4
0 0 0
0 0 0
