100 100
-27 25 12
-1 0 0 0 0 1
0.931328 0.840196 0.853377 4.251401 35.911556 11.842408
0.978520 9.534118 1.851387 2.003218 1.088110 10
-42 -84 -9
0 1 0 -1 0 0
1.124072 0.941011 1.145705 3.067650 14.605626 7.220030
1.142790 5.977307 6.244539 4.066909 1.073836 13
-66 -94 93
0 -1 0 0 0 1
1.040453 0.902692 0.841634 4.191940 28.171199 7.766081
1.090140 3.642105 4.247533 4.007698 0.809157 41
14 19 85
0 1 0 1 0 0
0.917794 0.979304 0.960418 3.950980 7.034847 2.613394
1.150079 8.150473 1.213384 3.515272 0.936165 20
-60 -28 -94
0 0 1 0 -1 0
0.944624 0.811630 1.014761 3.752752 23.403005 2.292018
1.106142 7.767935 7.680969 3.314605 0.826063 19
29 9 72
1 0 0 0 1 0
1.066317 1.077699 1.102938 3.725650 15.981379 1.343353
1.089650 6.564352 8.583247 1.378656 0.819848 45
-87 63 -57
0 -1 0 0 0 1
0.938272 0.925077 1.054476 3.073679 38.422088 1.564290
1.001059 8.241452 1.433806 1.138652 1.136770 30
64 -69 -7
0 1 0 -1 0 0
0.879996 0.895256 1.117780 4.212930 5.835501 3.370420
0.811457 9.606153 8.630799 1.833041 1.096977 14
69 85 -22
0 0 -1 0 -1 0
0.835418 1.113975 0.839588 4.275810 8.982208 7.778652
0.867482 5.278580 2.517984 1.373987 1.069806 18
-57 -31 83
0 0 -1 0 1 0
1.021419 0.905986 0.822191 3.293333 33.599367 13.157138
0.995495 4.534501 6.617599 2.207327 0.798357 9
5 -33 -9
1 0 0 0 -1 0
0.848273 1.059192 1.095615 4.011705 40.507134 8.655236
0.923532 9.484806 1.000596 2.312602 1.141192 37
90 -3 39
0 -1 0 0 0 -1
0.938376 1.128343 1.089354 3.204300 45.902298 6.393165
0.840989 8.143588 3.309834 2.894100 0.849293 10
-95 91 -6
0 0 1 1 0 0
0.898052 1.076854 0.998073 4.025577 23.318192 11.605173
0.887061 7.968422 1.598587 2.954794 0.787161 16
-26 -76 -46
0 -1 0 0 0 1
0.876562 1.109563 0.988634 4.079332 58.846593 1.149639
0.976494 9.718270 8.083956 3.965681 0.863196 3
-34 93 58
0 -1 0 1 0 0
1.038496 1.038268 0.811182 3.798583 31.971212 9.527655
1.148156 7.506823 3.327152 3.218297 1.063878 18
-16 -86 -50
0 1 0 -1 0 0
0.906402 1.102438 1.090254 3.082756 28.426686 3.937521
0.933192 5.347992 1.709731 4.338606 0.867544 12
-97 16 44
0 0 -1 0 -1 0
0.962948 1.034625 0.876798 3.517624 13.908222 9.747274
0.824363 6.629429 3.708840 1.982540 0.956551 9
14 -9 14
0 0 -1 1 0 0
1.124432 0.969763 1.146429 3.218417 24.062026 1.145758
0.969356 5.929525 8.588436 1.248648 1.024346 46
-69 7 36
0 1 0 -1 0 0
1.139280 1.001560 0.791125 3.649856 35.601465 5.043860
0.962718 5.957216 6.701208 2.338331 1.068816 1
43 -33 -5
0 -1 0 1 0 0
0.795137 0.836937 0.846485 3.728869 12.796726 1.447574
0.943667 7.077522 6.181744 2.490849 1.120360 38
38 96 60
1 0 0 0 0 1
1.101136 0.917513 0.956915 4.353197 40.728366 3.456882
1.034474 7.276697 7.666641 3.188980 1.029768 12
35 65 18
0 0 1 1 0 0
1.051037 0.975270 0.977088 3.974170 39.644373 2.885670
0.962362 6.969912 2.723481 1.335670 1.059197 8
-54 -92 57
0 -1 0 0 0 1
0.926280 0.885210 0.939558 3.364904 45.243740 6.461895
0.986902 6.670742 1.993415 4.035686 1.083614 28
6 48 39
0 0 -1 1 0 0
0.845628 1.114603 0.931085 3.629875 24.570194 5.917905
0.837151 9.168651 4.987675 1.033912 1.018647 16
-77 35 54
0 1 0 0 0 -1
0.916400 0.911239 1.146946 3.315309 63.313391 3.516643
1.134068 6.614500 8.102064 2.000103 0.882388 5
-47 -92 -34
-1 0 0 0 0 1
1.110616 0.921493 0.987366 3.220017 48.157195 6.056120
1.112242 3.330901 3.656219 3.546693 1.019993 21
97 -77 -11
-1 0 0 0 0 1
1.046095 0.967369 0.824919 3.309798 4.281666 11.468059
1.033716 4.113416 6.040307 4.127344 0.895618 40
0 37 -14
1 0 0 0 1 0
0.805893 0.860912 1.033284 3.800645 11.601767 7.111549
0.842684 6.153489 5.251979 3.138808 0.975872 48
-14 -48 -13
0 0 1 0 1 0
0.915505 1.021036 1.032046 4.080322 24.337094 8.861610
0.836623 6.705177 5.379818 4.309338 0.801598 46
28 -76 90
-1 0 0 0 1 0
0.947124 1.106769 1.094946 3.947151 61.471878 11.223410
0.890611 6.226662 6.987312 2.999845 1.071779 8
-15 73 87
1 0 0 0 1 0
0.851293 1.084227 0.850540 3.633297 55.839356 5.753142
0.991417 4.025841 2.452151 4.034565 1.089107 17
-19 -50 96
0 -1 0 1 0 0
0.795857 1.068632 0.914865 3.587370 40.044438 2.458163
0.841955 5.472014 4.616912 3.383914 1.117542 2
24 67 10
0 0 -1 0 1 0
0.940009 0.852106 0.992570 4.223061 25.352358 12.564462
0.791490 9.717730 7.372434 1.021735 1.003110 40
-33 43 28
0 0 -1 1 0 0
1.147255 1.016106 0.844184 3.897014 12.891483 5.741442
0.810988 7.430990 1.603090 1.830414 0.899164 46
50 32 -32
1 0 0 0 -1 0
0.847716 0.956222 0.791160 4.010265 59.069503 10.295954
1.125896 5.621052 4.861307 1.721241 0.798249 7
-56 98 13
0 1 0 1 0 0
1.146637 0.983004 0.872222 3.139155 56.515448 8.157430
1.102033 9.439321 3.054007 4.412441 1.122966 17
90 57 -4
0 -1 0 0 0 -1
0.912308 0.793833 0.824367 3.426435 50.315716 8.981812
0.793077 3.346532 6.311490 1.627107 1.006909 8
19 41 87
0 -1 0 0 0 1
0.807604 1.038139 0.876230 3.069412 15.085562 13.042371
0.941653 9.115164 7.215143 3.995964 1.023230 33
-56 40 -92
-1 0 0 0 0 -1
1.073878 1.024284 0.893599 4.181375 28.937086 7.164572
1.040547 5.096563 6.551779 1.270106 0.947798 17
45 4 22
0 0 1 0 1 0
1.043216 0.945720 1.048718 4.378397 17.552607 9.564184
1.150651 3.158073 8.528505 1.068397 0.956645 1
55 50 91
0 0 -1 0 1 0
1.000110 0.828303 1.094490 4.417793 10.510921 3.215529
1.001536 7.475378 1.143244 2.033315 1.001462 1
-54 24 -63
0 1 0 0 0 -1
0.803087 0.920954 1.110772 3.680362 43.462115 1.259182
0.835450 5.770538 5.053492 1.653245 1.020729 35
-1 99 -33
0 0 1 1 0 0
0.924278 0.941832 0.972933 4.053831 52.373515 12.623237
0.983437 4.527766 7.163396 1.740831 1.111399 42
-20 53 35
0 0 -1 -1 0 0
0.844499 0.934812 0.847869 3.185648 51.458881 10.662697
0.987546 5.067260 3.576994 3.251383 0.916966 31
69 90 18
0 -1 0 0 0 1
0.793412 1.085307 0.971146 4.035776 9.041950 12.339921
0.796189 4.627877 4.157935 3.694768 0.958769 25
-55 -74 -2
0 -1 0 0 0 1
1.005723 0.869399 1.035139 3.637134 26.140993 2.234591
0.848585 7.991342 3.194030 2.931905 0.966689 25
-94 -47 65
0 0 1 1 0 0
1.080323 0.989059 0.873262 3.330752 2.787952 4.755700
0.787085 9.109379 2.348789 1.497476 1.148013 15
10 -63 -82
0 1 0 0 0 1
0.887552 1.039948 0.817484 3.527453 62.302111 9.141608
0.858517 6.649296 8.758615 3.602241 1.143337 39
-25 -58 26
0 0 1 -1 0 0
0.981256 1.119872 1.150180 4.225192 26.888854 7.873419
0.864142 5.641466 5.945570 2.120019 0.902833 8
-74 38 7
1 0 0 0 0 1
1.092016 0.964215 0.959366 3.988284 18.676357 6.036177
0.985033 9.518398 6.096675 3.995644 0.987553 42
-12 -21 22
0 -1 0 0 0 -1
0.936615 0.948315 0.931746 3.246849 38.453749 4.080449
0.785993 7.257531 3.084045 2.966560 0.993629 23
60 -8 6
0 0 -1 0 1 0
0.898070 0.895728 1.150224 3.623824 49.043482 9.290614
1.140812 7.232561 2.474658 3.297037 0.853438 27
12 61 25
0 1 0 -1 0 0
1.105294 1.086575 1.139100 3.734517 17.025142 6.137062
0.792840 7.597939 2.311596 1.774760 1.042444 33
-42 79 75
0 1 0 0 0 1
0.898700 1.016194 1.062199 3.212441 57.787241 7.113384
0.885470 9.566339 8.816247 3.574990 1.099341 37
-82 -93 51
-1 0 0 0 -1 0
0.851645 1.055913 1.018636 3.942807 26.876515 6.676779
1.064000 4.176236 7.081508 2.574300 1.046818 35
83 75 -73
0 0 1 1 0 0
0.934880 1.144435 0.874441 3.683952 63.314591 12.675523
0.837055 8.493300 2.445983 2.625195 0.793591 11
19 38 11
0 1 0 0 0 1
1.121788 0.910594 0.963874 4.367359 57.434354 1.808715
0.908798 7.859041 8.717407 1.399835 1.067755 1
-62 -39 54
-1 0 0 0 1 0
0.886491 1.011385 1.115522 3.026437 26.344731 10.133963
1.082291 3.747772 8.499871 1.828783 1.037921 32
90 59 53
0 -1 0 0 0 -1
0.877510 1.113435 1.009178 3.523377 36.115753 7.380974
0.991476 6.906073 6.825074 2.691812 1.048120 5
86 13 -39
0 -1 0 0 0 -1
0.847766 0.828252 0.959940 3.030413 59.042667 9.669270
0.935348 8.867421 3.779384 1.646324 0.926585 2
-87 -8 -37
0 0 -1 0 1 0
1.010000 0.802088 1.132495 4.435991 8.769499 8.518692
0.868776 3.350121 1.464160 1.614558 0.810165 41
1 76 19
0 0 -1 1 0 0
1.023445 0.957317 0.810512 3.720623 47.864694 11.373167
0.842330 4.983179 1.208563 1.828682 0.839406 37
17 76 -25
0 -1 0 1 0 0
1.029370 1.102106 1.075902 4.168107 51.415522 2.233415
1.056223 4.894614 1.212563 2.643280 1.142189 4
28 -32 43
0 0 1 0 1 0
1.091854 1.129006 0.894122 4.064255 49.214733 1.713814
1.143538 6.180516 4.846926 1.139421 1.044488 47
-27 66 100
0 0 1 0 -1 0
0.819825 0.873559 0.961431 3.266416 25.864865 12.695836
0.823982 9.234765 7.653884 4.178354 1.096177 14
-97 14 -95
-1 0 0 0 -1 0
0.885494 0.969053 0.838030 4.241871 28.336383 3.789944
0.914138 5.521438 3.258692 1.209492 1.110858 15
96 -59 89
0 0 1 0 1 0
1.045615 1.091002 0.950044 3.197335 33.234715 5.144032
1.100757 3.502785 6.210715 1.448804 1.072495 16
-40 66 -15
-1 0 0 0 0 1
1.033482 0.956141 1.078819 3.539854 52.586173 11.222039
1.105464 3.948855 2.055903 1.485394 1.063938 45
-88 -88 81
1 0 0 0 0 1
1.126538 0.893359 0.789847 4.070531 18.695688 1.981940
1.087737 6.325202 1.705905 2.246185 1.021004 8
82 -45 43
0 0 -1 0 -1 0
0.838918 0.959583 1.072152 3.636090 23.621644 6.669549
1.068792 4.718051 7.571794 4.329805 0.803416 12
-62 63 -6
0 -1 0 0 0 1
0.847292 1.123628 0.805560 3.288186 17.847373 11.446932
0.896912 9.269928 2.542088 3.863186 1.129393 15
-18 85 65
0 -1 0 0 0 -1
0.904308 1.128342 0.821936 4.179860 33.364711 8.806811
1.123807 7.136783 3.264148 1.493357 1.084935 31
54 98 84
0 0 -1 0 1 0
0.992037 0.948756 1.017761 4.342966 5.965634 7.926504
0.819226 7.019173 1.970222 3.327055 0.874415 45
89 47 86
0 0 1 0 1 0
0.824778 0.901431 0.817953 4.116476 6.969576 4.569634
0.846022 7.705642 4.546870 4.023592 1.086887 47
-31 -67 47
0 0 -1 0 1 0
0.916996 1.065991 0.824641 3.511506 19.180688 7.491521
1.128666 3.077576 8.565337 3.550592 1.068327 36
93 -84 31
0 1 0 0 0 1
0.815245 1.086602 1.065603 3.697713 40.707616 12.870870
0.939751 4.419413 2.535728 2.485532 1.110705 24
53 -41 18
0 -1 0 1 0 0
0.948256 1.135362 0.927253 3.952030 5.279257 8.406046
0.945054 9.751213 3.154301 2.051770 1.034934 32
73 12 16
1 0 0 0 -1 0
0.964341 0.923508 0.933250 3.961264 15.442609 2.186200
1.010436 8.720199 5.392254 1.654037 1.041952 20
97 18 -44
0 0 -1 -1 0 0
0.884590 0.903142 0.999000 3.394652 3.781229 5.763539
0.909121 3.932917 2.512269 1.267147 0.925973 16
-5 82 19
-1 0 0 0 1 0
0.836346 1.077069 0.883949 3.583312 34.556737 4.800565
0.915752 5.588729 6.401618 4.371787 0.839595 40
-73 3 59
0 0 -1 1 0 0
0.808457 0.812225 0.922730 3.796997 54.395058 9.987167
1.040419 5.156204 4.873043 1.137626 0.961040 42
97 -84 92
0 0 1 0 -1 0
0.978574 0.989662 1.007260 3.827682 64.725816 7.543767
0.957783 6.298274 8.309123 3.337649 0.824188 18
86 44 -20
1 0 0 0 -1 0
0.801547 0.849657 1.030756 4.174048 9.156817 8.536993
0.936581 7.874660 5.112282 3.722631 1.055160 3
2 -83 71
1 0 0 0 0 1
0.966659 1.125909 0.981861 3.711239 28.794293 3.067812
1.129601 3.451773 4.860603 1.493707 1.030252 14
-54 97 24
1 0 0 0 0 -1
0.958906 0.837618 0.975195 3.162179 8.381772 1.351018
0.837910 5.809406 7.057744 1.501751 1.150835 18
-98 -55 -1
1 0 0 0 0 1
0.980108 0.888019 1.005276 3.942514 1.931872 7.963402
0.833021 9.406782 7.350227 1.815654 0.789555 41
-26 -5 47
1 0 0 0 0 1
0.923908 0.789726 0.901256 3.212083 58.331858 6.754088
0.884046 8.088303 4.699576 2.961374 0.871352 42
81 1 89
0 0 1 1 0 0
1.082271 0.810415 1.138400 3.718447 63.086348 2.247202
0.868762 9.408465 3.086551 2.828727 1.037050 29
84 79 -72
0 1 0 -1 0 0
0.926317 0.848835 0.972183 4.036794 24.477680 10.513469
1.082633 5.920898 5.335957 4.419788 1.023731 5
-60 -22 -14
0 0 -1 0 1 0
1.143302 1.055671 0.856693 3.556264 35.470966 9.358441
0.863271 7.453846 6.331418 4.208221 0.920311 13
-67 -58 -50
0 0 1 1 0 0
0.989723 1.010643 1.123475 3.223066 7.308379 4.248147
1.111712 3.882766 2.876859 3.055716 0.863479 9
-79 60 6
0 -1 0 1 0 0
1.149149 0.823140 0.879183 3.203193 28.615435 12.853386
0.885173 8.833843 6.131001 3.216742 1.003908 45
-28 33 12
1 0 0 0 0 1
0.913246 0.878867 0.957716 3.685704 7.397949 2.636262
0.944045 5.928836 7.488470 1.135365 0.982078 31
-62 27 90
0 -1 0 0 0 1
1.127449 1.128226 1.148269 3.726762 41.403892 10.218224
0.788720 3.569747 5.969927 2.773334 1.114951 22
50 57 -35
0 -1 0 0 0 -1
1.136367 1.134478 1.096157 4.125393 5.173379 3.102260
0.998231 7.991832 8.547543 1.924288 0.990888 18
71 -14 -39
0 0 1 0 -1 0
0.923077 0.984342 0.813005 4.412275 1.122133 1.326925
0.997816 8.946590 5.084399 2.339078 0.944950 34
-88 85 -24
0 0 1 -1 0 0
1.107701 1.006660 1.051870 3.842941 33.522294 8.765615
1.048266 4.513565 6.759052 1.857125 1.138295 40
-52 61 44
0 -1 0 0 0 1
1.062213 0.788774 0.808991 3.350571 25.006256 2.410520
1.068752 8.048418 8.829755 3.108881 0.823325 48
26 98 -9
0 0 -1 1 0 0
0.812915 1.107820 1.107371 4.152065 12.616809 2.290028
1.115508 8.055089 2.065102 4.083023 0.813398 31
-13 42 0
0 0 -1 -1 0 0
1.127202 1.057594 1.127817 3.305563 4.823985 12.745845
1.124944 4.911069 2.128569 4.019649 1.145873 9
60 -84 -55
0 0 1 0 1 0
0.865548 0.939368 1.064750 3.124170 51.074059 5.636567
1.029780 4.117060 4.375656 3.329531 1.084824 16
23 57 -20
0 1 0 0 0 1
0.856710 0.955832 0.889453 4.123549 32.662776 3.213921
0.795721 6.467960 1.650642 3.860063 1.132624 37
-20 -58 43
0 0 -1 0 -1 0
0.954000 0.981161 0.968306 3.992829 28.368664 7.325938
0.850142 7.185679 3.827866 1.250796 0.882745 8
-61 -19 93
0 -1 0 1 0 0
1.087213 0.847803 1.067462 3.002078 50.275735 7.744692
1.125573 5.832041 7.439827 3.607968 1.121676 4
33 57 -16
-1 0 0 0 0 -1
0.876487 0.941605 1.021171 3.976726 36.662259 4.766251
0.996860 4.567286 3.725829 3.555642 1.030819 35
-82 -27 46
0 0 -1 0 -1 0
0.846535 0.952290 0.820607 3.836300 58.491290 10.449834
0.858630 8.098676 4.725797 2.785775 1.027089 28
48 75 -93
0 0 -1 -1 0 0
0.997977 1.108699 1.132811 3.740216 57.799495 10.500999
1.149337 5.722793 8.782919 1.000813 0.902326 5
25 -33 -67
0 0 -1 0 -1 0
0.814048 1.027989 1.050075 3.338499 56.838066 2.654839
0.786403 8.071270 7.140833 2.496737 1.147579 34
26 -87 -70
0 1 0 0 0 1
0.910372 1.088093 0.813058 3.228526 28.341502 12.976468
1.058159 5.501837 1.649487 2.375330 1.143003 29
-81 -46 33
1 0 0 0 -1 0
1.145989 0.897719 0.883932 4.059216 16.245198 7.537801
0.946590 8.708910 1.660919 3.237809 0.911034 34
-13 -66 -47
0 0 -1 -1 0 0
0.961975 1.121158 0.976148 3.449774 13.068400 12.041606
0.811488 3.615422 6.505384 3.208438 0.808464 12
-41 65 28
0 0 -1 1 0 0
1.057344 0.901165 0.871154 3.180791 4.512785 6.309479
1.031538 4.891975 6.341987 3.337565 1.086801 42
37 -4 58
1 0 0 0 0 1
1.051406 0.923523 0.880661 3.904588 2.890446 10.369861
0.843858 7.074263 8.039645 2.896435 1.107486 4
1 60 91
-1 0 0 0 -1 0
1.017804 1.027153 0.797531 4.386263 29.878734 7.744528
1.065987 9.676357 4.973524 4.220928 0.863071 10
100 -96 67
-1 0 0 0 0 -1
0.875313 1.047403 1.090748 3.456429 55.073042 9.590867
1.055265 7.832429 6.877760 3.261790 0.952991 9
-74 16 -2
0 1 0 0 0 -1
0.924125 0.815365 0.913354 3.324925 27.737483 9.361689
1.043409 8.568421 1.553199 1.324620 1.038857 33
96 -17 80
0 -1 0 -1 0 0
0.840960 1.038175 1.041290 3.892144 44.622240 12.317784
0.822203 3.377281 8.696689 2.195289 0.830880 14
-3 33 -5
0 0 1 -1 0 0
0.915800 1.113806 1.065299 3.423445 19.133988 5.692998
0.972187 5.731661 1.015928 1.534124 1.121764 14
-1 -5 -6
1 0 0 0 0 1
0.825900 0.835754 1.061986 3.545994 37.099120 6.782679
0.916901 3.638709 1.304670 3.163186 1.019466 11
64 -58 -30
-1 0 0 0 0 -1
0.919349 1.131592 0.823486 4.268344 46.985826 5.407530
1.038047 8.746138 7.060065 2.499020 1.126781 40
68 -27 42
-1 0 0 0 0 -1
1.081615 1.137781 1.139466 3.275377 4.406492 2.028281
0.821237 7.289140 5.868822 3.809282 0.907427 18
-76 -28 23
0 1 0 0 0 -1
0.797127 0.809090 1.026293 3.457553 44.278758 9.437598
0.843079 9.132994 6.923296 2.888158 0.990899 17
-48 -14 36
0 -1 0 0 0 1
0.796645 0.902960 1.105039 3.588584 24.974496 10.743372
0.919973 5.686020 4.624638 3.348970 0.886081 40
71 16 -91
-1 0 0 0 0 -1
1.121640 0.939092 0.996178 4.198341 24.366302 10.439533
0.907733 8.767936 2.033466 1.271393 0.889681 11
24 48 70
0 0 1 0 1 0
0.787402 1.097219 0.970590 3.814202 34.083540 3.843234
1.103330 3.491607 7.848374 2.967508 0.939539 13
-46 59 -30
0 0 1 -1 0 0
0.874538 1.129516 1.042507 4.074041 16.723356 2.792466
1.022685 8.203372 6.298985 1.701811 0.791751 5
-31 33 55
0 0 1 1 0 0
1.078178 0.828391 1.072734 4.119246 31.464544 8.229002
0.939210 3.816752 2.072109 2.697661 0.794971 6
-33 -52 0
-1 0 0 0 0 1
1.142393 0.919390 1.100440 4.057736 20.719232 9.953596
0.868436 6.301927 2.297986 3.026474 0.802432 39
26 -79 1
0 -1 0 0 0 1
0.875730 0.835388 0.922493 3.556818 54.879605 5.214281
0.864519 5.159042 4.737797 2.508601 1.123335 23
-3 -51 -77
0 0 1 0 -1 0
0.880191 0.949868 1.016847 3.967890 8.936350 10.657189
0.864688 7.466885 2.116085 3.378098 1.080667 9
43 44 -73
0 0 -1 1 0 0
1.091972 1.130706 0.819983 3.556117 47.601555 7.404237
1.018613 4.723523 4.660556 4.357248 1.000009 23
87 20 54
1 0 0 0 0 1
1.121297 0.788365 0.864063 3.444898 37.749748 11.541699
0.929164 6.350402 5.936133 3.941639 0.804093 13
-100 -59 88
0 1 0 -1 0 0
1.060683 0.907732 0.860800 3.570954 24.100761 6.862575
0.938357 5.609050 8.403266 3.985348 1.062669 43
64 -13 -69
0 -1 0 -1 0 0
1.107514 0.847813 0.854333 4.220885 32.991946 1.671514
1.029465 9.672381 8.684721 2.416699 0.925001 24
-50 24 -87
1 0 0 0 -1 0
1.123614 0.818528 1.002471 4.425492 25.385217 4.595039
1.054288 6.566093 6.952789 1.922212 1.141924 12
30 -68 48
0 0 1 0 -1 0
0.809789 1.038144 0.992880 3.745614 27.101041 2.882460
0.864325 5.568634 6.056141 1.120878 0.790906 15
-68 -86 58
-1 0 0 0 -1 0
1.030572 0.806164 1.062136 4.345198 55.297742 4.191146
0.844088 4.257498 6.164413 2.427063 0.796901 8
-95 81 92
0 0 -1 0 -1 0
0.850833 1.139501 1.132873 3.198090 31.277079 11.892574
0.940714 3.130943 4.630934 1.270880 0.932437 18
84 51 21
0 1 0 0 0 -1
0.900569 0.988308 0.928002 3.988023 36.037967 10.271354
1.002845 6.586982 3.961044 1.142284 1.080755 29
-95 -10 0
0 0 1 1 0 0
0.944747 0.794142 0.798478 3.925624 60.185595 10.814769
0.928709 6.368865 6.173375 3.222835 0.971274 47
-97 22 -95
0 0 -1 0 1 0
0.802059 0.941144 0.988171 3.204705 63.588716 3.225233
1.079305 8.083048 7.845529 3.445249 0.941815 24
76 45 25
0 0 1 0 1 0
0.943899 1.058446 1.030780 3.127802 40.555076 2.001965
0.798328 5.032691 2.497835 3.520978 0.897805 17
-22 71 22
0 1 0 0 0 -1
0.805096 1.145935 0.835065 4.028174 62.877904 2.324194
1.007746 6.987887 3.882922 2.064717 1.066031 41
-99 43 92
-1 0 0 0 0 1
1.005842 0.807637 0.848201 3.371306 33.421627 9.303005
0.886083 4.944973 4.095929 1.257137 1.011750 39
-19 83 14
0 0 1 1 0 0
0.979554 0.907176 0.990874 4.291980 52.530145 10.994157
1.111339 5.186408 4.924065 4.425855 0.787852 48
-3 -74 78
0 -1 0 -1 0 0
0.963899 0.919491 0.969350 3.831518 35.364453 8.361524
0.939233 7.198229 1.440163 4.302341 1.124175 25
-85 69 -36
0 0 1 0 -1 0
1.123507 0.829114 0.914513 3.167586 19.940465 2.251641
1.134904 6.250707 3.174284 3.450211 1.057238 12
-16 91 -26
0 0 1 0 -1 0
1.026452 1.087650 0.952968 3.545026 16.737361 8.643256
0.925879 5.332519 1.157455 4.154974 0.984361 15
-55 36 -79
1 0 0 0 1 0
1.074300 0.934993 0.823034 4.028779 61.243597 9.824449
0.981048 7.081429 3.443096 4.022348 1.083692 11
-12 8 -50
0 1 0 0 0 1
0.936622 0.983978 0.826153 3.539383 41.911228 5.532892
0.797192 4.999436 6.201303 3.265067 0.875811 43
-50 4 29
0 1 0 -1 0 0
1.059265 0.917932 1.116886 3.678343 22.803874 3.157170
1.121757 5.542506 4.234932 1.843321 0.893430 25
65 -75 -90
0 -1 0 0 0 -1
0.969578 1.021032 0.795026 3.903897 40.587127 7.704536
0.837171 7.337709 3.537586 3.615319 1.015405 43
-76 -63 77
0 1 0 -1 0 0
0.945005 0.987509 0.878203 4.377050 58.065385 4.281697
1.151013 3.165369 2.656520 1.451642 1.092231 14
90 71 76
0 1 0 0 0 -1
1.116486 1.051878 1.104914 3.605945 53.069067 10.291096
0.966358 9.041146 5.310539 1.070816 0.922084 35
-77 -83 -55
0 -1 0 0 0 1
0.794499 0.940661 1.080451 3.430386 51.473573 2.587567
0.917553 6.397579 5.646326 1.827682 1.004372 14
59 -12 95
0 -1 0 0 0 1
0.924059 0.807508 0.919505 3.734880 25.251537 7.357909
1.044545 6.522370 7.210227 1.282686 0.870974 40
-33 -34 -46
0 -1 0 -1 0 0
0.934428 0.859204 1.103053 3.239742 44.956308 7.819606
1.150586 4.269981 7.263151 3.691942 0.843451 38
-18 -11 -14
0 -1 0 0 0 -1
0.949882 1.026342 0.899855 3.225252 34.751544 2.554405
0.871402 8.578597 3.888595 2.885679 0.992981 25
13 66 35
0 0 1 1 0 0
0.887211 1.090997 1.017501 3.525796 32.836663 6.565967
1.077864 7.470396 7.273164 1.716715 1.129627 43
4 64 -58
0 1 0 1 0 0
0.997297 1.074575 0.939974 4.368680 51.839478 5.471823
1.086378 7.060928 1.827810 4.316155 0.929368 21
-26 -64 49
0 -1 0 -1 0 0
0.822468 0.993447 0.877857 3.824316 63.317633 5.649166
0.901570 3.586059 8.512120 3.803289 1.103021 10
60 -86 1
0 0 1 0 1 0
0.897465 1.099302 0.949630 4.308144 27.834365 4.230221
0.893413 7.883468 4.926348 4.113731 0.796514 37
82 20 -89
0 0 -1 0 1 0
0.851306 0.990084 0.959549 3.209618 42.129415 2.645537
0.925587 3.154551 8.482046 2.127136 0.795705 17
98 -87 32
0 -1 0 0 0 1
0.969496 0.917982 0.883890 3.581494 55.517572 1.947554
0.926872 4.994833 2.387909 2.293040 0.998334 40
18 37 -3
0 1 0 1 0 0
0.849718 0.888135 1.088743 3.844063 15.674678 4.247569
0.786236 7.082022 8.224048 1.736370 0.871840 31
-41 -26 15
0 -1 0 -1 0 0
0.911805 0.897704 0.838092 4.424195 11.759620 10.146508
1.142653 4.637772 2.002743 4.016134 0.799855 38
84 -86 99
0 -1 0 -1 0 0
1.043426 0.886931 0.996959 3.971632 27.139755 8.063514
1.098910 4.900687 4.582634 4.343656 0.951513 31
87 -78 -83
0 1 0 0 0 -1
0.997713 1.038269 0.942308 4.009895 25.813254 11.581644
0.956527 6.018396 8.421245 3.189737 0.947134 2
67 -56 11
0 0 -1 1 0 0
0.838887 0.842777 0.870348 4.223421 23.775793 10.994050
1.144554 7.098914 6.448770 3.355507 0.855688 42
28 -25 60
1 0 0 0 0 -1
1.085764 0.919834 0.898554 4.023532 14.219205 7.269059
0.910763 5.839898 4.536810 2.646169 0.886850 46
-85 40 76
1 0 0 0 0 1
1.003971 1.150868 1.052889 3.110100 28.909981 1.468122
0.858906 6.041582 8.013524 1.570913 0.809573 44
-56 -8 -62
0 -1 0 0 0 -1
0.817837 0.912990 0.932583 3.112284 39.871181 4.936914
1.142364 4.845582 1.878969 2.045766 1.035051 42
11 52 -27
0 1 0 0 0 -1
1.077407 0.846234 1.070098 3.627533 38.258775 12.838464
0.786807 5.294205 7.343052 3.472559 0.937411 4
38 -46 -86
0 0 -1 0 1 0
1.037899 0.864268 1.116045 3.515205 13.686487 8.213637
0.798060 9.228976 3.722792 2.081212 1.112206 1
3 67 23
0 -1 0 -1 0 0
1.006527 0.907240 0.910467 3.505580 44.626926 4.543040
0.844627 3.084627 4.659064 3.081922 0.911950 5
-88 -86 -100
0 0 1 0 1 0
1.065890 1.093867 0.877361 4.297925 9.060225 4.564637
0.973122 6.469659 2.620521 2.563320 0.890764 18
71 -96 18
-1 0 0 0 1 0
1.062947 0.904904 0.897463 3.356944 25.873495 6.943858
1.090707 7.203383 6.738435 3.343276 0.808100 29
55 -59 18
1 0 0 0 -1 0
1.016856 0.981441 0.873373 3.205314 57.843734 6.168243
1.009548 6.686571 7.447253 1.807783 0.879191 13
18 -86 34
1 0 0 0 0 -1
1.015629 0.935173 0.914679 4.012481 63.659868 7.043341
0.855087 5.930877 1.918726 2.333322 0.928911 43
-56 -53 -38
0 0 1 1 0 0
0.830883 0.914020 1.035662 3.265170 36.020583 7.289233
0.829147 8.838803 6.754006 3.424262 1.012725 5
69 67 42
0 1 0 1 0 0
1.102017 0.808701 1.033677 3.532067 27.128289 10.255901
0.868425 8.671632 7.057028 2.968501 0.923267 24
95 92 26
0 1 0 -1 0 0
0.984319 1.077905 1.040303 3.329180 3.195902 10.914744
0.873452 7.202933 6.441733 2.374752 0.850947 8
-17 -21 31
-1 0 0 0 1 0
1.056831 0.823739 1.012502 3.341950 34.649988 12.073096
0.924166 5.247794 3.860203 1.801253 1.022477 17
87 75 51
1 0 0 0 0 1
0.912341 0.819731 0.812309 3.221253 4.507451 13.225955
0.987591 3.746379 8.418178 3.872439 1.030913 43
32 10 -6
-1 0 0 0 -1 0
1.104099 1.007327 0.833890 4.208344 2.711649 8.712214
1.061896 3.230167 6.998411 2.462266 0.850803 6
-58 88 53
1 0 0 0 -1 0
0.800066 0.915450 0.836076 3.184612 37.791897 3.413817
0.934008 7.254965 3.352725 1.181543 0.846485 25
-49 53 66
0 1 0 0 0 1
1.047203 0.809916 0.895727 4.337649 22.571782 10.764541
0.826603 3.795000 2.173881 2.777311 0.836249 26
-2 72 62
0 0 -1 0 -1 0
0.900811 0.787898 0.938856 3.782686 59.085994 12.226452
0.962404 7.578975 7.911268 2.898046 0.986423 14
48 26 -62
0 -1 0 -1 0 0
0.844030 1.096290 0.944353 4.293456 1.785062 8.025720
1.023115 3.930463 7.220295 2.353809 1.051271 22
28 -69 13
1 0 0 0 -1 0
1.055760 0.793440 0.855057 3.578078 18.760308 9.161427
0.925530 5.526543 3.815456 3.262654 1.055937 27
-26 84 35
0 0 -1 0 1 0
1.094026 1.097493 1.069195 4.026092 49.613942 2.078498
0.996392 4.223402 4.861916 1.101110 0.944646 22
-86 74 -90
0 -1 0 0 0 -1
1.085285 0.821340 0.838433 4.012289 32.717948 3.872817
0.976282 8.322872 3.616957 2.419310 1.098247 48
-28 -66 74
0 0 -1 1 0 0
0.917952 1.097037 0.956158 3.602549 62.443432 2.655176
0.883874 8.543424 1.101466 3.130462 1.040590 17
78 78 -29
-1 0 0 0 -1 0
0.958459 0.877278 1.051089 3.617179 23.104637 12.413289
0.825166 7.536769 3.927725 4.416541 0.938876 14
86 77 -93
0 0 1 -1 0 0
1.148770 1.082864 0.993693 3.680735 59.485195 3.924214
0.915506 6.697299 3.274215 4.126582 0.873959 21
-38 -33 -57
0 -1 0 1 0 0
1.037354 0.847961 0.983860 4.317376 20.298601 12.127850
0.944906 9.194546 3.597821 3.924741 1.068569 12
80 12 14
0 0 -1 -1 0 0
0.981205 0.992593 1.004226 3.006045 4.239948 9.314978
1.038193 7.387700 2.274384 4.284999 1.029840 45
-81 62 -13
1 0 0 0 -1 0
0.992322 0.815377 0.819719 4.333597 17.198603 4.076799
1.090902 8.279626 8.483495 2.009578 0.855621 37
72 -66 -57
0 0 -1 -1 0 0
1.048021 0.887509 0.919519 3.712048 14.900491 1.203017
0.831776 4.783310 2.738838 2.215070 0.935247 19
-26 -27 52
1 0 0 0 1 0
1.118742 1.045976 0.897251 3.920675 45.193170 1.317788
0.843216 9.339800 1.592206 2.621644 0.991633 9
