1 1 0
52 1 113
161 1 161
5 1 0
2 1 2
58 1 58
62 1 62
63 1 102
94 1 94
17 1 133
7 0 0
75 1 163
78 1 78
83 1 83
108 1 108
138 1 19
144 1 144
148 1 148
8 0 0
14 1 195
29 1 124
56 2 111 191
77 1 162
132 1 39
164 1 60
178 1 178
179 1 179
1 1 0
42 1 168
136 1 136
0 1 0
53 1 174
4 2 0
16 1 186
28 1 28
127 1 85
169 1 27
70 1 124
99 1 135
2 2 1
27 1 105
176 1 176
118 1 42
187 1 100
2 51 165
2 1 0
80 1 174
120 1 120
57 1 57
2 0 0
1 1 1
92 1 124
1 1 0
41 1 175
10 1 162
3 1 0
15 1 168
32 1 156
65 1 195
199 1 199
3 1 0
84 1 167
133 1 17
162 1 32
21 1 189
6 0 0
64 1 156
69 1 193
89 1 196
122 1 122
124 1 29
150 1 18
1 1 0
126 1 25
93 1 171
2 1 0
8 1 175
155 1 68
88 1 88
5 2 0
68 1 195
91 1 181
103 1 63
131 1 3
175 1 54
130 1 24
196 1 95
0 0 0
4 2 0
22 1 137
74 1 74
116 1 30
184 1 60
7 1 5
11 1 195
2 2 0
72 1 102
137 1 22
3 1 133
154 1 19
1 0 0
168 1 70
1 0 0
143 1 21
2 0 0
37 1 192
170 1 100
3 2 0
45 1 173
140 1 61
173 1 33
157 1 86
195 1 11
1 0 0
96 1 167
0 0 0
1 0 0
71 1 192
3 0 0
79 1 158
134 1 60
191 1 100
2 1 0
174 1 45
186 1 18
87 1 177
1 1 0
167 1 5
66 1 200
0 0 0
1 0 0
114 1 18
1 0 0
156 1 86
0 1 0
54 1 188
1 1 0
5 1 194
34 1 34
2 1 0
111 1 30
158 1 39
190 1 19
1 1 0
183 1 100
23 1 156
0 0 0
0 0 0
2 0 0
60 1 134
109 1 100
1 1 0
4 1 163
43 1 104
0 0 0
1 0 0
172 1 33
0 0 0
1 0 0
67 1 192
0 0 0
0 1 0
25 1 135
0 0 0
0 0 0
1 0 0
12 1 180
2 0 0
86 1 200
151 1 85
1 0 0
82 1 163
0 0 0
0 0 0
0 0 0
1 0 0
123 1 30
0 0 0
0 0 0
0 0 0
0 0 0
0 0 0
0 1 0
44 1 104
0 0 0
0 0 0
0 0 0
0 0 0
0 0 0
0 0 0
0 0 0
0 0 0
0 0 0
0 0 0
1 0 0
95 1 104
0 0 0
0 0 0
0 0 0
1 0 0
102 1 85
0 0 0
0 0 0
0 1 0
81 1 106
1 0 0
6 1 6
0 0 0
0 0 0
0 0 0
0 0 0
0 1 0
106 1 147
0 0 0
0 0 0
1 0 0
33 1 146
0 0 0
0 0 0
0 0 0
0 0 0
1 1 0
119 1 90
90 1 119
0 0 0
0 0 0
1 0 0
9 1 177
0 0 0
0 0 0
0 0 0
