100 100
80 5 -50
-1 0 0 0 0 1
1.012369 0.954655 1.188869 3.743528 4.357509 33.193713
1.238828 7.001866 3.308546 4.386681 1.287672 30
-17 45 -28
1 0 0 0 -1 0
0.830761 1.293467 1.246513 4.242124 11.058562 44.304149
1.073092 4.681585 1.467116 3.418516 1.053548 25
-80 -43 10
-1 0 0 0 1 0
1.016843 1.153074 1.290394 4.396958 12.025050 18.933086
1.011117 6.788374 3.997063 1.462986 0.968724 48
-55 -27 91
0 -1 0 1 0 0
0.835687 1.177208 0.960254 4.589294 3.158145 38.209619
0.881721 5.469726 4.689468 4.270414 1.060179 13
76 99 66
0 -1 0 0 0 1
1.017879 0.891586 1.186707 3.233840 5.361715 32.824268
1.163726 9.129903 3.479363 2.694200 1.150164 26
-73 15 -13
0 -1 0 0 0 -1
1.202248 1.124573 0.886061 5.089840 12.016263 28.001447
0.829197 6.727109 2.215119 2.260401 0.807208 10
55 -67 51
1 0 0 0 1 0
1.160872 0.812258 1.279405 5.200112 11.832564 24.258347
1.266096 3.379949 6.656379 3.585114 0.860813 5
-48 -17 5
1 0 0 0 0 1
1.285906 1.117313 1.027897 4.993180 12.754677 16.636286
0.952099 6.192436 2.004369 3.238579 0.901508 17
-3 5 -65
1 0 0 0 -1 0
0.831435 0.969914 0.896871 4.112185 9.919366 38.829310
0.970145 5.771439 4.722426 1.920993 1.157335 3
-24 -80 -73
-1 0 0 0 1 0
0.890687 1.254486 0.994109 3.407844 7.411593 14.578077
1.050246 4.753244 5.757800 3.412475 1.194866 29
80 -60 -28
0 0 -1 0 1 0
1.041592 0.930143 1.046629 4.812096 8.849654 21.425131
1.198534 9.094250 1.125282 1.262868 1.130040 34
99 -18 -7
0 -1 0 0 0 -1
0.882507 1.131019 1.063680 4.132962 6.002238 38.663385
1.010673 9.585173 5.723774 1.987125 0.929419 2
95 -64 59
0 0 1 -1 0 0
0.851416 1.154206 0.867305 4.083720 7.041242 5.427386
1.011962 4.508146 2.923040 1.474850 1.072707 47
58 30 -24
0 -1 0 -1 0 0
1.196016 1.260492 1.174469 3.899696 5.224131 32.325964
1.272313 3.505092 7.669691 2.567066 1.140257 32
47 96 -15
1 0 0 0 0 1
1.075726 1.258202 0.844506 4.054518 5.699538 43.247007
1.134284 5.926448 2.976692 1.125345 1.241600 19
21 -77 36
0 0 1 0 1 0
1.164825 1.116981 0.922177 4.782399 8.338113 42.838848
1.138132 4.020789 6.421583 1.002599 0.788894 38
-73 -16 -40
0 0 1 -1 0 0
1.280526 0.853640 0.890164 5.138690 5.959384 20.943131
0.988529 4.957235 4.914263 3.351713 0.797887 22
92 -92 38
0 -1 0 -1 0 0
1.118007 1.173888 1.089882 4.681286 10.963893 33.656125
1.170977 8.732136 8.082251 3.700574 0.965802 40
-6 -85 -42
0 0 1 -1 0 0
0.942678 1.302702 0.929396 3.215227 11.230602 19.313352
0.922230 9.578254 1.256272 2.077275 0.980331 16
12 6 -36
0 1 0 1 0 0
1.270942 1.299324 1.288794 4.016629 12.469103 38.293043
1.216109 3.239582 6.284695 1.531596 0.824442 50
96 -40 80
-1 0 0 0 -1 0
1.189683 1.217190 0.807779 4.746883 11.166022 32.939079
0.999205 6.719805 4.872139 2.658063 1.205208 10
-62 88 67
-1 0 0 0 -1 0
0.854468 0.893110 1.264860 4.636351 2.179559 7.737977
0.808910 4.838447 5.766130 1.663735 1.225545 31
86 -31 -52
1 0 0 0 0 1
0.883499 1.273048 1.116128 3.906967 9.945209 26.603752
1.189045 4.220641 2.421789 1.142590 1.255714 1
-68 -71 -23
0 0 1 -1 0 0
1.276380 0.827222 1.058675 4.438828 4.059132 25.569763
1.089240 7.344245 4.007367 1.533707 0.943684 27
-58 81 41
0 1 0 0 0 -1
1.050953 1.195769 1.115469 4.710692 6.509307 14.855104
1.290888 7.366874 1.128021 1.010837 1.273552 27
74 -92 -33
1 0 0 0 0 1
0.841064 1.031456 1.266834 4.994996 9.890476 35.943589
1.087725 3.752173 6.285014 4.315161 0.953661 48
-29 -56 -15
0 0 -1 -1 0 0
1.009339 0.967386 1.185623 3.812492 2.975768 18.901608
1.100336 4.458579 3.298338 2.039143 0.844910 29
70 71 -77
1 0 0 0 -1 0
1.204780 1.249638 0.965145 4.176044 7.802251 39.294000
1.181475 5.684512 5.896263 4.099543 0.949459 16
62 69 -28
0 0 -1 -1 0 0
1.031324 1.041499 0.987167 4.042618 9.260085 10.905868
1.194086 4.474870 1.751780 1.682039 0.788930 17
-30 37 -38
0 0 -1 1 0 0
1.196664 1.208867 0.822727 4.252692 4.302619 41.467945
0.825993 8.573080 2.054751 3.272931 0.891175 22
-75 -10 -94
-1 0 0 0 0 1
1.213792 0.792551 0.935169 4.350630 5.145484 14.476411
1.039310 7.806402 2.324890 2.352224 0.881864 2
7 -84 -70
-1 0 0 0 -1 0
1.026181 1.000170 0.849232 3.264679 8.121644 23.961959
0.867664 5.451236 5.975719 2.535500 0.982393 35
-19 -27 84
0 0 -1 0 1 0
0.987227 1.050483 0.861888 3.999484 10.836473 19.215308
1.108509 8.752143 3.279530 3.827531 1.131691 33
9 -41 79
-1 0 0 0 -1 0
0.974042 1.256398 1.242724 4.192090 2.596902 26.290175
1.080943 4.239607 8.022155 4.084444 0.941209 21
-21 4 6
0 1 0 1 0 0
1.181874 1.059892 1.144939 4.487551 5.308398 17.253587
0.992640 4.959392 8.490331 3.582975 1.278114 20
67 -1 -66
0 -1 0 1 0 0
1.022818 1.007970 1.279823 3.054344 7.876069 30.503421
0.891179 5.325553 6.244505 2.743055 0.810286 38
37 37 97
1 0 0 0 1 0
0.838760 1.187759 0.895903 3.641554 9.525503 25.308423
0.839272 5.437399 2.885914 2.171558 1.131179 11
-79 100 -42
0 0 -1 0 -1 0
1.199756 0.867046 1.257584 3.345104 5.388225 46.866031
0.820180 8.963597 2.627371 4.486589 0.990660 46
-48 47 21
1 0 0 0 1 0
0.886611 1.102102 1.009539 4.154583 5.769004 42.012132
1.035198 5.777727 5.977295 3.094999 0.953760 49
-44 -56 77
0 -1 0 0 0 -1
0.920975 1.126409 0.994645 3.649470 12.460379 21.537115
1.009136 4.907319 5.435047 3.364109 1.014133 32
19 -22 -6
0 0 1 -1 0 0
1.160212 1.007227 0.962324 3.309638 1.231669 6.466322
0.825834 5.706309 4.205337 4.126196 1.075829 25
89 98 -14
0 0 1 -1 0 0
0.936860 1.262430 1.178347 4.806760 12.534116 37.115727
1.043712 7.826920 5.192653 1.064080 0.916891 45
-96 38 63
0 -1 0 0 0 1
0.854746 0.964709 1.120779 3.013203 1.785748 27.623159
1.222365 4.757405 5.562208 4.551190 1.108399 33
-51 54 72
0 -1 0 0 0 1
1.006501 1.275959 1.151317 3.914715 2.835788 31.150187
1.159585 3.287400 3.104895 3.887569 0.842806 32
-5 35 -70
0 0 1 -1 0 0
0.814399 0.842590 0.984702 4.289716 5.780775 9.450712
1.115706 6.957702 6.276501 1.961468 0.962811 40
53 76 -97
0 -1 0 -1 0 0
0.998852 0.905062 0.825393 3.786488 7.510117 40.350020
1.144513 3.106388 8.515874 3.589811 0.894116 46
-50 37 76
-1 0 0 0 0 -1
1.053772 0.948271 1.296539 3.299070 5.203683 10.544271
0.989969 8.205524 4.539199 2.834806 1.163447 19
-93 32 -84
1 0 0 0 -1 0
1.162264 1.270806 1.036772 4.307129 8.908111 35.848693
0.909669 7.913671 5.008049 3.743109 0.793975 7
-24 -28 76
0 -1 0 1 0 0
0.936094 1.058676 0.811645 3.485711 8.431822 26.324058
1.227730 4.787695 2.494987 1.860405 1.132813 28
-15 -40 -93
0 -1 0 0 0 1
1.213446 0.911157 1.251229 4.144988 10.945878 3.495652
0.799129 5.518638 6.317470 2.670467 0.898405 28
-42 -77 -8
0 -1 0 0 0 -1
0.953931 0.916554 1.082934 4.750256 9.845815 10.977081
1.095986 5.874148 6.323768 2.993816 0.871249 2
-24 81 -10
1 0 0 0 0 1
1.296570 1.148084 1.300903 3.516912 11.527025 36.552201
1.039716 8.184432 8.342715 1.148271 1.251021 7
-13 31 -5
0 0 1 -1 0 0
1.119211 1.044018 1.232489 5.148366 5.700761 23.940291
1.085043 5.810802 4.211004 2.668338 1.205088 41
43 -23 13
0 0 -1 1 0 0
0.795368 0.802528 1.159270 4.500797 4.724092 25.356122
1.078409 6.288198 5.502819 4.495886 1.285281 44
-7 -95 -93
-1 0 0 0 1 0
1.017177 0.970155 0.965254 3.333901 5.340537 8.879468
0.905448 9.153222 6.495415 1.723024 1.102579 17
84 34 -36
0 1 0 0 0 -1
0.819750 1.019917 0.839684 4.261973 3.256534 5.597885
1.295605 3.345358 1.303491 2.793079 1.121982 8
-74 -80 -80
0 0 1 1 0 0
0.966840 1.106155 0.789148 3.570400 6.929536 44.333756
1.177936 3.777473 5.953230 2.186643 1.268553 22
-38 25 -87
0 0 1 1 0 0
0.967196 0.967647 1.187556 4.086828 9.114086 18.357210
1.121813 6.952304 1.602734 3.880441 1.276162 35
-65 65 -46
-1 0 0 0 0 -1
0.895823 1.054438 1.271474 4.829035 13.243348 33.830881
1.247493 5.886715 5.020235 1.824115 1.284970 4
-96 81 -26
0 -1 0 0 0 -1
1.121729 1.158846 0.857325 4.988882 6.913210 36.401296
1.077361 3.985268 2.298446 2.452677 1.212811 36
11 -9 -15
0 0 -1 0 1 0
0.895293 0.800557 0.938292 4.083024 3.116933 36.589749
1.101966 8.653728 2.914204 1.829013 1.147743 36
58 -6 -26
0 0 -1 0 1 0
1.040850 0.901707 0.826612 5.012525 8.337328 9.232185
1.017775 3.575713 1.285711 3.792269 0.940204 44
62 -45 -10
1 0 0 0 1 0
1.182897 1.143068 0.846142 3.818771 4.635067 21.943825
1.010149 4.867310 7.546175 1.257672 1.245789 24
62 -72 -67
-1 0 0 0 0 1
0.886335 1.180422 0.809203 4.807229 3.039355 15.323007
1.006425 4.326251 5.831725 1.235537 0.852752 6
68 1 -36
0 0 1 1 0 0
1.133212 0.826401 1.071684 3.084924 7.217988 25.967111
0.949839 5.003151 7.880246 2.067827 0.941000 8
19 -75 -84
0 1 0 -1 0 0
0.959326 1.120310 0.802611 4.236735 3.632427 35.015309
0.945554 3.344554 5.506569 4.235976 1.220601 33
37 52 -29
0 0 1 -1 0 0
0.947491 1.141187 0.854324 4.717550 5.538411 2.293848
0.805525 6.901400 1.438820 1.706458 0.928393 15
64 -1 -36
1 0 0 0 1 0
1.279744 1.159504 1.166715 3.518407 7.310889 37.570405
1.174920 9.455029 3.920882 1.529524 1.286736 25
-85 31 99
0 1 0 1 0 0
1.170327 0.942786 1.081559 4.304366 3.524852 22.164859
1.001791 4.994488 3.010444 4.194387 1.297493 45
28 74 -24
1 0 0 0 0 -1
1.166781 1.065269 1.118555 4.485492 12.051342 36.942637
1.135489 6.000724 5.850556 2.735593 0.855770 30
50 33 32
0 1 0 0 0 -1
0.986488 1.113267 1.033468 3.903234 6.526447 37.599673
0.991265 3.962612 6.090561 4.443308 1.121045 35
54 12 20
0 0 -1 1 0 0
1.090983 1.042547 1.219637 3.269219 10.933748 8.764575
0.998048 8.718453 5.456164 1.710285 1.231801 33
57 -2 -53
0 0 1 0 -1 0
0.805843 0.914300 1.029157 3.564854 12.501432 28.859881
0.931052 6.722738 2.550164 1.843367 1.291372 42
60 -59 -32
1 0 0 0 1 0
1.211473 1.269240 1.141079 3.376738 6.838893 35.127936
1.023249 6.679649 1.065254 3.727461 1.174820 11
-85 60 31
0 0 1 0 -1 0
0.993200 1.063678 1.159353 3.908066 8.087465 35.967111
0.989504 7.742659 4.453428 1.059745 0.816782 29
9 10 -99
0 1 0 1 0 0
0.962211 0.864849 1.041629 3.394815 9.787158 16.812567
1.146187 7.808161 3.596566 1.753563 1.159433 41
-30 -73 -75
0 0 1 0 -1 0
1.240479 0.822276 0.999585 3.802832 7.402532 25.378729
1.204353 7.379998 5.812219 1.328368 0.815604 47
-29 4 81
-1 0 0 0 -1 0
0.881042 0.990742 0.894952 4.278714 6.818864 24.708368
0.902491 3.288952 1.315674 3.702503 0.992715 50
-2 4 25
0 1 0 1 0 0
0.850210 0.805470 1.286371 5.055255 6.145252 33.923626
1.039388 3.417672 8.637058 1.776259 0.884453 22
-12 63 47
0 -1 0 -1 0 0
0.891009 1.218915 1.228556 4.805896 6.318341 39.253421
0.856576 8.371268 2.390430 1.301017 1.142903 40
-4 -38 52
-1 0 0 0 0 1
1.242009 1.121761 0.891028 3.574816 9.992063 3.202956
1.294141 3.355902 2.121073 1.089196 0.890366 33
-76 -63 69
0 1 0 0 0 1
0.998538 1.267102 1.203510 4.681834 3.439063 28.476196
1.203374 8.511598 6.842544 1.623896 1.047113 1
-5 53 30
0 -1 0 0 0 1
0.969920 0.962464 1.233516 4.176851 8.500674 27.000045
1.203414 5.569467 1.676343 2.534529 0.807336 50
74 22 66
1 0 0 0 -1 0
1.297787 0.938576 1.224989 3.499770 9.907524 20.693146
1.182857 4.873959 1.319491 3.828193 0.879399 43
25 19 -45
0 0 -1 0 1 0
0.960738 1.159582 0.810280 4.537558 11.513338 35.937861
1.055459 9.606242 5.181925 2.867946 0.864858 25
84 -71 -99
1 0 0 0 0 -1
0.910459 0.812964 0.814216 3.265011 7.894584 34.286589
1.067968 9.425698 3.381289 3.889089 0.832889 29
-56 -27 -83
-1 0 0 0 0 1
1.080951 1.137024 0.867848 4.931510 6.444199 44.007638
1.207358 4.549784 5.885038 1.874559 1.218265 45
65 15 91
1 0 0 0 0 -1
0.819998 0.987072 1.286291 3.920614 10.736837 23.057397
1.115906 3.649695 4.422139 2.303049 0.921549 26
84 -6 11
0 0 1 0 -1 0
1.228248 1.128534 0.892574 4.279880 1.717240 15.412559
1.099596 4.618673 4.710834 1.245407 1.282770 12
63 37 -71
0 0 -1 1 0 0
0.962810 0.981544 0.792020 4.772299 9.050833 6.454105
1.301204 5.490895 1.414717 1.175940 1.015264 2
-83 -99 -10
0 1 0 1 0 0
0.818207 1.096904 0.931957 5.033016 3.028509 42.689358
0.970558 6.344994 2.010197 2.375882 1.188039 36
59 80 -69
0 0 1 0 -1 0
0.970337 1.157900 1.251411 4.201674 7.932276 13.574659
1.131341 8.674675 4.470201 1.421404 1.063201 21
-28 94 30
0 1 0 1 0 0
1.067767 1.002657 0.888977 3.202940 11.401529 19.279562
1.195880 7.826142 7.666020 1.477503 0.928464 19
28 54 6
1 0 0 0 -1 0
1.120425 1.264721 0.998482 4.229511 7.049113 23.279506
0.798318 6.686752 1.338650 4.133548 1.096876 39
56 46 42
0 -1 0 -1 0 0
1.293167 0.894881 1.039119 3.732924 3.239988 30.773195
0.915952 7.124950 4.806548 2.565016 1.188857 16
79 62 92
0 -1 0 1 0 0
0.887754 1.063246 0.897028 4.977165 2.113941 6.462313
1.085812 7.521182 2.414005 2.881576 0.799582 34
-11 88 -10
1 0 0 0 1 0
1.166592 0.914046 1.129812 4.081100 12.816452 23.940188
1.232087 3.161271 5.394195 1.118555 0.870145 25
-31 13 31
0 -1 0 0 0 -1
1.096682 1.026157 0.991214 5.039020 1.136529 13.728156
1.271678 5.064293 2.333423 2.799913 0.795615 46
23 40 65
0 0 -1 -1 0 0
0.858271 1.135172 1.119512 3.404567 6.602704 41.503100
0.853399 3.910785 8.550332 1.993888 0.969125 32
98 -61 74
0 0 -1 0 1 0
1.071038 1.023986 1.243946 4.542148 10.717633 45.917471
1.295933 9.515590 3.390661 2.026219 1.024537 10
-2 76 -68
0 0 1 0 -1 0
1.133735 1.109897 1.048261 3.387884 5.708537 38.555678
1.108010 4.057728 4.781357 3.512964 1.248976 45
62 -48 -15
0 1 0 1 0 0
1.034573 1.157169 1.048435 4.694291 10.435367 4.933138
1.094747 7.387114 4.860955 1.986374 1.299005 5
76 -59 -10
-1 0 0 0 1 0
1.074279 1.206102 1.065156 3.492896 10.144310 8.848564
0.938922 7.020714 2.894837 1.386283 0.840470 3
-4 -54 30
-1 0 0 0 0 -1
1.222492 1.031824 1.193544 3.908454 9.990232 44.101668
1.059471 6.175976 6.410982 2.452061 1.054206 13
-35 -59 -4
1 0 0 0 -1 0
0.821018 1.174459 1.268948 4.023623 12.680249 28.884431
0.867278 6.231792 4.468019 3.969012 1.098995 16
-56 -95 -14
0 1 0 0 0 1
1.171606 1.191558 0.807565 4.714177 5.255111 3.640730
1.236296 8.613622 2.876723 2.779871 1.159974 16
97 90 49
-1 0 0 0 0 1
1.303037 0.849626 1.069343 3.921865 11.378096 26.043569
0.905191 5.942392 7.228302 1.166820 1.067363 2
11 -24 -71
0 -1 0 -1 0 0
1.092990 0.847968 1.018288 5.057129 11.830873 25.535939
1.191445 7.406039 2.059478 4.373232 0.788729 19
18 -11 21
0 0 -1 -1 0 0
0.940167 1.134077 0.997872 4.837283 10.660349 2.507565
0.906099 9.595825 3.937431 1.140953 0.931675 7
65 -11 -90
0 -1 0 1 0 0
0.983073 1.054199 0.832373 4.229009 2.950886 32.276820
0.934819 9.182849 7.661573 1.512332 1.296566 13
85 41 -15
0 0 -1 1 0 0
1.104007 1.002409 1.133885 3.661782 2.843740 7.286169
1.084494 9.605758 1.886555 4.406513 1.069794 24
90 47 77
0 1 0 0 0 1
1.044656 1.065633 1.031907 3.893794 11.652060 6.378578
0.904965 7.371945 4.585455 1.986689 0.817463 8
-32 80 -10
1 0 0 0 0 1
1.083405 0.982232 1.239457 3.753856 5.947004 20.084870
0.823077 8.266401 5.313596 1.240234 1.109996 20
88 -99 52
1 0 0 0 0 1
1.274997 1.201952 1.164275 4.861701 4.208440 4.470828
0.984737 9.249515 7.456406 1.737046 1.132887 5
37 -33 49
0 0 1 -1 0 0
0.836755 1.081108 0.993340 5.031935 6.854936 35.110244
0.973639 5.242011 3.404017 1.193274 1.121395 39
19 79 -56
0 -1 0 1 0 0
0.992442 0.791073 1.072322 3.688783 10.033887 30.289504
0.974485 8.230191 4.098278 1.222716 1.287119 17
67 -51 -96
1 0 0 0 0 1
0.917653 1.003540 0.953146 4.821527 1.757240 15.492348
1.180357 6.911971 5.076871 2.351237 0.931843 8
75 94 2
0 0 1 -1 0 0
1.043215 1.176947 1.125603 3.401667 11.954874 43.031811
0.891237 4.807084 6.577352 1.498617 1.004382 34
100 46 -83
0 -1 0 0 0 -1
1.175185 0.981315 0.916893 5.128706 10.796115 41.479258
1.255114 5.680557 5.896877 2.458204 1.084878 1
-92 -28 71
0 0 -1 0 1 0
0.944564 1.182187 1.205163 4.328673 1.939465 24.849160
0.975556 3.943007 5.491888 1.165457 1.157447 37
4 -52 -72
0 1 0 0 0 -1
0.829902 0.791193 1.277374 4.092949 5.864263 45.496479
1.115329 3.779936 4.513963 2.220779 0.877563 28
-62 -55 -6
0 -1 0 1 0 0
0.849907 1.197664 0.940222 4.452054 2.266390 7.191513
1.148597 8.473286 3.686552 4.089211 0.883584 41
8 71 -46
1 0 0 0 -1 0
0.850742 1.264432 1.178332 4.083791 1.629396 4.307542
0.831291 9.000384 7.694188 4.017934 0.987671 43
71 50 -32
0 1 0 -1 0 0
0.786601 1.156283 0.829950 4.815646 12.112399 44.561372
1.264676 7.697999 5.932189 2.998295 1.189130 14
-62 -11 21
0 0 -1 0 1 0
0.933275 1.191334 1.159643 3.697695 10.474302 22.949568
0.796921 9.579203 5.863231 1.794119 1.059933 12
-46 95 53
0 0 1 1 0 0
0.975488 0.935310 1.135500 4.752429 1.131059 10.044872
1.184423 4.768188 4.970853 1.511108 1.118489 20
23 31 -63
0 0 -1 0 1 0
1.298098 1.077524 0.841896 5.141018 12.315955 22.773319
1.064493 7.785580 3.324189 3.130560 0.954402 13
-40 28 57
0 -1 0 0 0 1
1.174918 1.066602 0.959075 3.250495 11.732865 22.635274
0.893909 4.462473 6.868824 1.169667 1.046900 39
-87 17 91
0 0 1 0 -1 0
0.786053 1.163998 0.902732 4.606295 1.088206 5.086419
0.881901 6.651881 5.593473 2.087178 1.028104 39
-92 -68 40
-1 0 0 0 1 0
0.807938 0.817282 1.229828 3.764617 9.953470 46.509519
1.240092 4.258060 4.959236 2.870110 1.004378 2
-87 -21 10
0 0 1 -1 0 0
1.081957 1.086511 1.038289 4.349876 12.190130 40.875873
1.265621 3.665444 2.706319 2.400014 0.988039 41
-44 17 21
0 1 0 0 0 -1
1.193263 1.063991 0.864721 4.032809 4.324159 12.041772
0.821025 4.341125 8.118691 3.585457 0.996713 30
-76 -15 -20
0 -1 0 0 0 -1
0.902862 1.056848 0.895572 4.169537 12.938020 39.281986
1.033507 7.271938 1.751318 2.323484 1.216134 19
-27 90 -41
0 1 0 -1 0 0
0.968831 1.235533 1.249838 3.199336 11.742218 12.552059
1.009984 5.953052 7.658391 4.478880 1.186666 26
30 45 80
-1 0 0 0 0 1
1.012912 1.032424 1.267705 3.791630 10.178910 31.679651
0.790885 7.757375 3.269003 1.275071 1.043406 48
42 -100 -38
0 -1 0 0 0 -1
1.266168 1.250970 0.940798 3.918148 7.446378 20.474722
1.247765 3.390270 2.134762 3.706757 1.230581 6
-50 69 69
-1 0 0 0 0 -1
1.245004 1.242323 1.207908 3.037810 10.050364 8.531817
1.167731 9.794192 3.298950 3.296453 0.993205 33
-24 -90 -33
0 -1 0 1 0 0
1.147083 1.004489 1.037169 3.745324 6.865023 33.788076
1.024558 4.693924 5.888451 1.890321 0.872642 38
-95 -47 -52
-1 0 0 0 0 1
0.879865 0.883016 1.295464 4.617974 7.413211 9.763069
1.150893 7.618678 7.104010 3.313526 1.219113 3
4 -43 -78
0 0 -1 1 0 0
0.859398 0.802392 0.842234 3.937479 10.545578 16.244740
1.079860 5.170519 7.330437 1.961092 1.054619 45
43 63 45
0 0 1 0 -1 0
0.997104 1.130770 0.977966 4.130162 4.911901 1.472892
0.901827 3.757683 2.299450 3.627759 1.184472 36
78 14 -2
0 1 0 1 0 0
1.086434 0.913488 0.843412 4.738719 3.596065 35.470480
1.111625 5.569990 5.363014 3.108557 1.081789 23
53 -46 80
-1 0 0 0 -1 0
1.225247 1.015896 0.840382 3.196410 4.893870 21.612527
1.164213 4.042025 2.225977 1.427104 1.084182 39
-85 -57 -75
0 1 0 0 0 -1
1.259368 1.032055 1.016562 4.138417 9.764552 29.913274
0.869807 4.605125 2.095137 3.841577 1.170431 24
33 -58 58
0 -1 0 -1 0 0
0.795956 0.848767 1.086293 4.939996 12.142209 42.575763
1.026115 7.443544 6.289111 4.139535 0.923568 1
13 -26 -100
-1 0 0 0 0 -1
1.029512 0.880626 1.116956 3.160986 2.144276 3.386179
1.158791 6.299457 1.561985 2.254844 0.978494 50
24 -58 -42
0 0 1 1 0 0
0.995490 1.102880 0.890430 3.925942 4.104666 6.737747
0.832951 8.197271 8.100748 1.786399 1.156308 10
49 -87 9
0 1 0 0 0 1
0.952871 0.872251 1.204497 4.379562 8.949466 15.083008
1.040768 3.720838 1.289347 3.607228 0.977579 40
-96 88 -100
0 -1 0 1 0 0
1.064264 0.791395 1.213291 3.181755 3.204803 1.741634
0.982670 3.457403 8.632341 4.440398 1.193532 26
62 -83 91
0 0 -1 0 -1 0
0.857485 0.838936 0.877178 4.775759 4.036430 17.803962
1.163590 7.789742 5.112933 2.636547 1.008802 23
32 -100 -24
0 1 0 1 0 0
0.945970 1.287555 0.864494 4.875003 6.364051 22.220880
0.954593 5.564334 7.260015 2.945447 1.015229 23
27 39 -34
0 1 0 0 0 -1
0.870930 1.080538 1.107590 3.323862 4.595530 2.981146
0.830606 6.555001 7.984109 4.540620 0.874491 9
-65 -52 67
0 0 -1 0 1 0
0.962877 1.261078 0.862978 3.236656 8.351973 5.006678
0.890169 6.998371 5.836050 2.335658 1.055108 36
11 -77 60
0 -1 0 0 0 1
1.270533 0.849391 1.050867 3.233900 5.294574 26.911829
1.243944 6.473907 1.455877 4.258952 0.911249 26
90 -37 -62
0 0 1 0 1 0
0.993315 0.891686 1.005340 4.638535 12.378359 2.162147
0.868205 4.492834 4.842792 2.403799 1.246919 11
10 -77 -15
0 0 -1 0 1 0
1.011320 0.794359 1.295267 3.892205 8.216265 23.458808
1.097331 9.223050 4.589525 4.594484 1.213624 32
-80 -68 -90
1 0 0 0 0 1
1.196274 1.272931 0.873536 3.637832 4.061298 10.189451
1.000656 8.395697 8.627118 1.182962 1.082002 31
6 -59 21
0 1 0 0 0 1
1.065703 1.285948 1.148636 4.858347 8.622119 34.889245
0.848322 8.373119 2.886643 2.307604 0.920366 30
32 71 26
0 0 1 0 -1 0
1.078990 1.030785 1.279566 3.966112 7.399625 9.806495
1.117268 8.309239 3.968679 2.008796 1.128116 18
-69 -43 82
0 0 1 0 1 0
1.243940 1.293192 1.166919 4.225524 1.029091 20.563505
1.008974 7.140031 8.090436 3.137667 0.826254 25
23 21 62
0 0 -1 0 1 0
1.002651 1.227456 0.924976 4.601843 5.264802 12.660716
1.303475 4.099774 2.155312 4.117103 1.106609 24
-20 -77 -71
0 1 0 1 0 0
1.273127 1.113402 1.015961 4.411859 7.131825 24.508289
0.828697 7.470374 8.233702 4.343708 0.814030 34
-77 57 21
0 0 1 0 -1 0
1.227969 0.884600 1.108037 4.934471 10.046665 42.167835
0.815612 8.446279 7.275031 3.048553 0.865379 13
-98 77 -48
0 0 1 0 1 0
0.967973 1.162200 0.869787 3.926551 4.344286 2.802313
0.820720 6.032093 3.818480 1.057536 0.975964 24
-42 -68 -35
0 -1 0 0 0 -1
0.893205 1.087562 0.830444 4.767328 6.036603 39.577399
0.906408 9.277174 3.322815 2.179900 0.931743 24
-4 -66 76
0 0 -1 1 0 0
0.813466 0.998061 1.228960 3.810462 3.624392 41.639974
0.923608 6.745031 7.950983 4.141865 1.242399 4
80 -4 13
0 0 1 0 -1 0
0.803562 1.113713 1.212287 3.508746 6.024765 31.298456
1.063104 8.250308 3.462051 4.043082 0.945201 34
99 76 1
0 1 0 -1 0 0
1.207436 1.076311 1.178312 3.882786 6.225768 22.160031
1.161460 8.092884 4.408007 4.589150 1.178835 30
-36 -55 -66
0 0 1 -1 0 0
1.252616 1.231706 0.901342 4.463499 1.028738 38.539134
0.999955 6.889086 7.744747 2.757516 1.012277 1
74 -10 -28
1 0 0 0 -1 0
0.911091 1.244606 1.217813 3.128065 10.142169 19.126890
0.891592 5.183929 8.489060 1.470436 1.184704 22
86 93 26
0 1 0 -1 0 0
0.820040 1.086744 0.988547 3.459163 7.203690 26.404325
0.891726 9.479659 2.628986 2.953924 1.125641 11
-11 78 -71
0 -1 0 0 0 1
1.173344 1.302090 1.005763 3.219087 2.413581 20.151369
0.910534 4.855260 2.188906 3.302541 0.830001 28
-11 -22 -25
0 1 0 0 0 1
1.063033 1.059424 1.013664 3.385654 7.733261 28.393352
1.127213 9.123568 3.446141 3.727515 1.275895 5
-14 16 33
0 1 0 0 0 -1
0.964453 1.296682 1.125949 3.790716 6.999105 41.828433
1.013905 8.463193 1.122124 1.450851 0.841702 14
47 -20 -10
0 -1 0 -1 0 0
1.137342 0.800303 1.177577 4.519979 8.491652 30.631893
1.224079 7.080172 4.143045 1.412761 1.170112 22
77 97 39
0 -1 0 -1 0 0
1.189070 1.161302 1.216096 5.140403 1.686601 3.249931
0.869120 3.002539 1.192216 4.222955 0.908392 34
-59 64 -63
0 -1 0 1 0 0
0.795858 1.004645 0.998802 3.531848 8.032648 30.863600
1.221483 8.253985 2.826144 2.432728 1.265047 45
-67 -42 45
0 1 0 0 0 1
1.133175 1.094473 0.996328 4.781999 9.061755 26.384172
0.948304 3.840064 2.516998 1.869727 1.050585 13
75 99 -26
0 0 1 0 1 0
0.952633 0.893119 1.049479 4.812409 1.265708 42.184670
0.967210 3.598137 2.915379 3.415191 1.216128 46
56 -18 86
1 0 0 0 -1 0
0.975701 1.273850 0.796858 3.458355 3.795349 33.926636
1.248587 6.406457 3.431217 2.043043 0.950929 35
-79 -63 36
0 -1 0 0 0 1
1.207117 1.058212 1.252639 4.404791 7.178348 31.928039
0.889930 7.879012 6.940704 2.281554 0.990125 37
13 -20 75
0 0 1 1 0 0
1.091956 1.200574 1.111782 3.079545 11.219374 10.268077
1.121304 3.696293 3.111114 1.317974 0.949423 6
90 91 -76
0 -1 0 0 0 1
1.152462 1.139420 1.218997 3.057036 7.064372 6.104222
0.921278 4.231325 7.522943 2.393352 1.185705 7
-95 86 -94
-1 0 0 0 0 -1
0.913127 1.236723 1.111245 3.839488 3.990458 26.333340
1.120639 4.596049 7.489206 4.455553 1.167322 27
-37 85 -19
0 0 -1 -1 0 0
0.925323 0.843194 0.973399 4.238076 9.510248 18.331566
1.241001 3.939169 5.450380 3.882208 0.814768 46
20 -71 95
0 -1 0 0 0 -1
1.144320 0.872191 1.103513 5.122831 6.281839 46.401486
0.929426 7.347398 2.903786 1.361395 1.042719 21
94 -29 43
-1 0 0 0 0 -1
1.159812 0.849044 0.924584 3.767481 5.604956 30.094277
1.185306 4.778116 5.641697 3.004476 0.984990 13
94 -28 -27
-1 0 0 0 0 -1
1.123363 0.976021 0.794531 3.116066 9.170645 21.153253
0.982782 5.653176 2.818061 2.173111 1.090906 30
78 -26 52
0 0 1 0 1 0
1.204909 1.235178 0.904672 3.769422 8.781557 7.096962
0.832583 9.235170 3.896702 1.610795 0.972762 21
71 -87 96
-1 0 0 0 0 -1
0.808434 1.113458 1.009056 3.027739 8.168055 1.545500
1.221681 3.253035 5.433523 4.347748 1.205498 30
92 59 -35
0 -1 0 -1 0 0
1.035576 1.114549 1.079630 3.727049 4.982188 40.040442
1.073737 5.453773 3.194473 2.142051 1.127589 21
4 0 88
0 1 0 -1 0 0
1.286491 1.250106 1.134394 3.878289 9.657126 32.458064
1.015536 6.265503 5.715103 3.870776 1.177275 46
-98 28 72
0 0 1 -1 0 0
0.839376 1.175213 0.927962 3.846011 4.900873 40.584784
1.038226 6.855567 6.692238 4.480413 1.020635 20
-3 4 83
0 0 1 1 0 0
1.005015 0.816195 1.191128 3.106856 8.952657 43.549047
0.923696 8.981692 1.353658 3.256517 1.286919 36
42 38 -28
0 -1 0 1 0 0
0.942123 0.905789 0.862595 4.488264 8.157536 26.472899
1.211761 9.438628 2.310003 2.784824 1.179470 35
78 -24 39
0 1 0 0 0 1
1.076041 1.208628 1.114597 4.233270 8.230021 39.614965
1.123451 7.029726 7.987529 4.326920 1.071991 38
91 91 78
-1 0 0 0 0 1
1.109583 0.907244 1.050521 4.640288 7.686624 39.937742
1.138609 8.952039 5.801159 1.898945 1.275565 16
-64 29 31
0 1 0 0 0 -1
1.118559 1.204976 0.933328 4.735779 10.967799 26.146494
0.953718 3.394170 5.725159 2.893817 0.844902 6
-59 -55 31
1 0 0 0 1 0
1.108490 0.856610 0.911381 4.943738 3.528604 29.928302
1.039910 4.688251 7.986776 3.293223 1.103983 49
35 -69 -31
0 -1 0 0 0 1
1.294802 0.973372 1.151655 5.085386 11.249345 42.931736
1.053128 7.402244 1.406153 2.178570 1.104783 41
