0 3 0
30 1 30
52 1 125
65 1 65
9 1 0
3 1 103
32 1 32
62 1 119
118 1 118
129 1 129
151 1 151
169 1 169
173 1 52
186 1 89
68 1 68
3 1 0
87 1 135
132 1 132
158 1 158
159 1 149
2 0 0
12 1 12
91 1 91
1 0 0
109 1 60
1 4 0
103 1 28
21 1 21
39 1 159
54 1 108
183 1 35
2 0 0
5 1 185
26 1 195
3 0 0
17 1 17
116 1 87
149 1 60
2 1 1
8 1 106
13 1 119
33 1 180
2 16 111
3 0 0
18 1 152
56 1 154
58 1 58
4 0 0
124 1 95
144 1 86
180 1 33
188 1 57
1 0 0
119 1 119
1 0 0
11 1 154
1 0 0
63 1 115
1 0 0
142 1 60
3 1 0
115 1 115
131 1 27
133 1 133
107 1 8
0 0 0
0 2 0
66 1 124
95 1 121
0 1 0
40 1 107
0 0 0
4 1 0
74 1 146
93 1 126
113 1 7
161 1 161
37 1 179
0 1 0
83 1 83
0 0 0
0 0 0
3 0 0
79 1 176
102 1 82
137 1 75
1 0 0
134 1 46
5 0 0
57 1 172
69 1 183
82 1 82
85 1 49
199 1 28
4 0 0
59 1 199
136 1 20
160 1 75
184 1 23
0 0 0
1 0 0
49 1 139
0 1 0
164 1 164
2 0 0
126 1 60
128 1 89
0 1 0
73 1 160
0 1 0
200 1 76
2 0 0
77 1 198
90 1 108
1 1 0
70 1 70
150 1 42
1 0 0
92 1 189
0 2 0
19 1 121
191 1 34
1 0 0
153 1 75
1 0 0
162 1 14
1 1 0
190 1 190
41 1 143
0 0 0
0 1 0
172 1 34
3 0 0
47 2 106 181
98 1 195
197 1 197
0 0 0
1 0 0
81 1 200
0 1 0
194 1 42
0 0 0
1 0 0
139 1 36
1 0 0
182 1 86
0 0 0
0 0 0
1 0 0
112 1 89
0 0 0
1 0 0
175 1 36
0 0 0
2 0 0
28 1 189
48 1 140
0 0 0
0 0 0
0 0 0
1 0 0
122 1 25
0 0 0
0 0 0
0 0 0
0 0 0
1 1 0
187 1 67
104 1 25
0 0 0
0 1 0
38 1 140
0 0 0
2 0 0
31 1 31
176 1 27
0 0 0
0 0 0
0 0 0
0 0 0
0 1 0
174 1 2
0 0 0
1 0 0
35 1 125
1 0 0
94 1 185
0 0 0
0 1 0
88 1 192
0 0 0
1 0 0
148 1 86
0 0 0
0 0 0
0 1 0
120 1 120
0 1 0
189 1 27
2 0 0
50 1 196
117 1 2
1 0 0
45 1 178
0 0 0
0 0 0
0 0 0
0 0 0
0 0 0
0 0 0
0 0 0
0 0 0
0 0 0
0 0 0
0 0 0
0 0 0
