100 100
-4 -35 -76
0 0 1 -1 0 0
0.858975 0.929188 0.937229 4.098509 17.879990 1.060537
1.051853 4.537216 2.539301 2.835769 0.962283 29
-18 -42 60
-1 0 0 0 0 1
0.916169 1.011615 1.079515 5.170022 20.189400 3.222613
0.986725 7.659546 7.327192 1.855533 0.952201 33
-21 -62 -25
0 0 1 -1 0 0
0.816193 0.923669 0.892076 3.268583 12.074504 8.329937
1.049132 7.117630 4.687547 3.047779 1.051906 2
-2 -4 42
1 0 0 0 -1 0
0.864518 1.084449 1.084282 3.254382 14.724330 5.533340
0.852621 7.064406 1.481437 1.378973 0.835773 4
85 58 76
0 -1 0 -1 0 0
1.007240 0.917226 0.793145 3.820180 7.504970 11.084060
1.019665 8.275755 3.548619 3.003199 0.981233 43
-49 -31 -52
-1 0 0 0 -1 0
0.979495 0.845130 0.874153 5.173267 1.623633 7.161105
1.006825 8.092859 7.667847 2.416304 0.861483 6
-22 -67 86
-1 0 0 0 0 -1
0.914656 0.904045 0.804473 5.801381 11.451467 6.776886
0.800974 4.610936 8.154100 2.603961 0.796826 9
70 10 96
0 0 -1 0 1 0
0.826456 1.075090 0.796702 3.247097 13.232825 11.891302
0.858023 7.468997 6.712425 3.778993 0.891224 23
100 -86 -2
0 1 0 -1 0 0
0.823884 1.082540 0.967337 4.934248 1.706483 6.265912
1.082216 9.010063 4.933634 4.466450 1.069958 9
93 32 44
0 1 0 1 0 0
0.818223 0.994082 0.923474 5.282420 3.436200 7.617941
0.971622 9.459731 4.288495 1.850009 0.880801 17
-53 -61 -80
-1 0 0 0 -1 0
0.794198 0.953892 0.974071 4.994597 12.079678 12.804110
1.043052 7.343673 7.693919 4.484877 0.937157 1
87 67 68
0 -1 0 0 0 1
0.958215 1.020684 0.929316 4.903135 14.687914 10.991192
0.870964 4.368908 2.911027 4.266130 1.008913 40
68 73 -1
-1 0 0 0 -1 0
0.911489 0.811501 0.989452 3.560522 13.794687 6.442163
1.027582 5.939561 8.577426 2.411945 0.971710 28
-57 -22 78
1 0 0 0 -1 0
1.075855 0.869296 0.827407 5.358464 9.913954 10.202227
0.882730 6.378003 8.521728 4.113426 1.023310 42
-74 -98 -49
-1 0 0 0 -1 0
0.927550 0.842214 0.943029 3.552068 4.124505 14.609778
0.951469 4.106372 3.263490 3.075551 0.856614 6
-93 31 39
1 0 0 0 -1 0
0.817834 1.040168 0.838342 4.108010 8.884119 9.805188
0.878802 3.380808 3.385954 2.242812 0.822648 17
1 -86 4
-1 0 0 0 -1 0
0.925703 0.960422 0.790020 3.764632 9.054244 16.822593
0.817473 3.918065 1.052901 4.664822 0.875194 6
69 -22 -64
-1 0 0 0 1 0
0.988045 0.813642 0.984863 4.025768 6.596173 4.523396
0.933984 5.382385 4.727823 4.010430 0.864126 20
-67 17 84
1 0 0 0 1 0
0.841203 0.893484 1.016609 3.183213 3.100880 3.215203
1.001345 6.271621 2.167718 4.637307 1.056835 20
85 50 37
-1 0 0 0 1 0
0.946783 0.917966 0.790425 4.119357 11.896295 12.333330
0.989247 9.614906 6.131839 3.554680 0.813773 33
8 -22 -44
0 0 1 1 0 0
0.934843 1.069179 1.080636 5.238389 11.644067 8.979672
0.881744 5.207140 4.579884 1.390476 0.914274 41
86 -48 -30
0 0 1 1 0 0
1.007535 0.963510 0.914630 4.001861 17.944312 11.917750
0.870613 6.732710 8.096380 3.087254 0.903059 16
-42 -57 -32
-1 0 0 0 0 1
1.030552 0.821015 1.059760 4.688000 6.468777 15.067849
1.065520 7.953031 4.177256 2.454929 0.925957 2
-81 -70 12
0 0 1 0 -1 0
0.900844 0.898014 1.051257 5.745229 7.119520 3.088832
1.022316 3.535132 5.913293 2.324539 0.803345 24
26 -84 11
1 0 0 0 0 1
0.862269 0.973360 1.021228 5.094042 14.580664 4.975758
1.057253 6.345479 7.560174 1.558237 1.070572 27
28 63 -89
-1 0 0 0 0 -1
0.853651 0.916576 0.912948 3.881066 2.224951 1.181461
1.045575 8.085828 4.335145 1.326361 0.894456 8
-30 -27 58
0 0 -1 1 0 0
0.994695 0.849886 0.994046 4.095608 16.109951 15.973089
0.901511 9.254171 6.176292 1.799189 0.895738 16
-41 -77 -23
1 0 0 0 0 -1
0.830613 0.854283 0.789979 3.602379 20.101785 13.757231
0.919447 9.290434 1.574883 4.623269 0.906373 24
-39 45 41
0 0 1 1 0 0
0.831995 0.933721 1.047343 5.580145 10.250219 8.608105
0.882148 8.228202 4.840298 1.631705 0.924225 9
79 62 -22
0 0 1 0 -1 0
1.013741 0.849726 0.901564 3.398420 15.597538 6.488887
0.942446 3.560062 5.543090 4.377964 0.829551 6
42 92 71
-1 0 0 0 1 0
0.911832 0.923894 0.816383 4.258724 19.544822 9.809597
0.934126 3.674856 6.547782 3.259099 1.053791 28
50 -42 12
0 0 -1 0 -1 0
1.080764 1.046964 0.875212 5.084225 19.854659 16.494329
0.999157 7.765297 1.919424 2.274140 0.879285 19
-22 43 22
1 0 0 0 0 -1
0.942687 0.965700 0.855206 3.004041 8.705253 7.768118
0.898331 5.409146 2.388902 3.335553 0.905885 10
-57 63 36
0 -1 0 -1 0 0
1.040131 1.050219 1.054171 5.863960 14.735106 16.972897
0.915347 8.976210 6.473902 1.433776 1.044562 16
-85 75 8
0 -1 0 1 0 0
0.879258 0.829796 1.054061 4.212580 18.873980 5.811953
0.838686 9.883352 7.316087 2.096738 0.931847 6
75 52 -90
0 0 -1 0 1 0
1.071107 0.811056 1.000283 4.656112 15.139220 2.811511
0.866294 9.214324 6.781923 3.309395 0.870040 15
48 -5 -65
0 1 0 -1 0 0
0.952485 1.029777 1.040288 3.111015 11.965100 1.054432
0.864726 6.582440 3.334561 2.429075 0.894946 33
12 -84 -28
0 1 0 0 0 -1
1.030148 1.002159 0.948293 5.192738 1.867885 15.762838
0.806856 3.019414 8.057979 2.143222 0.934502 22
-13 -14 -32
-1 0 0 0 0 1
0.968470 0.891119 0.925099 4.647822 4.284041 3.285328
1.030533 3.720277 8.261384 3.794777 0.987722 11
84 10 8
0 0 1 0 1 0
0.984262 0.908898 0.880364 4.194014 4.366907 15.917384
0.951414 4.098221 3.269412 4.601467 0.989966 5
31 36 13
0 -1 0 -1 0 0
0.985015 0.907896 0.971043 3.897276 8.436525 4.714885
0.882677 7.771680 6.763744 4.570107 1.079086 43
-61 40 36
0 0 -1 0 1 0
0.956899 0.810765 1.035703 3.277496 6.111149 12.568705
0.879506 7.564129 1.610004 2.121755 1.042530 38
32 0 61
0 1 0 0 0 1
0.888175 1.084028 0.989042 4.956869 19.237090 17.092107
0.790702 4.935682 7.604444 2.968838 0.835103 13
17 -99 -52
0 0 -1 0 -1 0
0.898643 0.990034 0.852768 4.634354 4.476193 1.567406
0.793110 5.376896 1.251211 2.452960 0.994189 3
-77 -23 -75
0 1 0 -1 0 0
0.856260 0.968376 0.854731 3.561810 6.312920 16.624415
0.810104 8.581922 4.298146 3.940949 0.899114 23
-1 55 63
-1 0 0 0 0 -1
0.805839 0.971707 0.843351 3.909156 19.806796 1.054789
0.970361 4.229986 5.483254 1.876022 0.823549 2
-9 24 -8
1 0 0 0 -1 0
0.796558 1.060740 0.866005 3.364903 16.520530 3.679293
0.839387 3.516226 8.285205 1.989617 0.790158 28
59 -7 -49
0 1 0 0 0 1
0.908546 0.854413 1.083901 4.496942 1.965463 13.722756
1.062487 9.665484 8.474426 2.268915 1.053158 33
-33 92 -6
1 0 0 0 0 -1
0.822324 0.896725 0.892386 5.488718 12.672045 5.357680
0.955956 7.353952 6.800082 4.544182 0.993436 6
-82 -6 -20
1 0 0 0 0 1
1.015528 1.073729 0.938685 5.932460 5.021030 3.645488
0.974422 4.237775 6.445481 2.744124 0.983139 23
-23 -28 -85
1 0 0 0 1 0
1.049943 1.001376 0.869142 3.001580 9.845357 16.264950
0.872230 6.105129 8.688241 1.438790 1.044203 23
-86 58 -29
0 1 0 0 0 1
0.980086 0.904179 0.820190 3.904909 9.330063 8.921729
0.980315 8.226718 1.259045 4.204952 0.961047 22
93 94 70
-1 0 0 0 -1 0
0.877544 1.038668 0.917507 3.192862 20.579467 15.335192
0.910570 5.225556 1.078993 4.208659 0.950049 31
20 -19 2
1 0 0 0 0 1
0.798771 0.923584 1.054578 3.206554 16.541179 14.259104
0.998952 4.264518 7.674733 2.587686 0.790037 16
31 -71 -47
-1 0 0 0 0 1
0.894889 0.936044 1.020593 4.048188 4.154019 3.880426
0.827438 9.225647 6.587108 1.373178 0.879249 43
-82 -30 -83
0 -1 0 0 0 1
0.878247 0.899265 1.022360 3.725440 3.270650 5.865818
0.871277 6.128428 5.699207 1.000327 0.961519 6
-2 -36 23
0 -1 0 1 0 0
1.052581 1.072039 0.998349 3.988990 17.564767 4.672475
0.789483 7.457902 7.245456 3.725295 0.965630 9
-66 44 -31
0 -1 0 1 0 0
0.871543 0.830811 0.990363 5.236128 12.307849 6.045458
0.961439 4.814747 3.820935 2.245179 0.992343 38
4 -47 -31
0 -1 0 -1 0 0
0.898087 1.041016 0.868850 3.732779 10.393533 16.258449
1.024828 7.487949 2.826077 2.200556 0.910778 43
-19 -24 -32
0 1 0 -1 0 0
0.906437 1.046337 1.022211 5.136431 9.826774 12.119111
1.013075 9.307223 3.756180 2.378449 0.857538 41
100 57 -8
-1 0 0 0 -1 0
0.833572 1.029146 0.904765 4.309493 21.746750 6.376714
0.942107 4.097911 5.058526 2.534730 0.820159 16
74 75 -3
1 0 0 0 0 1
0.914181 1.037824 0.998588 4.065427 13.229071 2.907022
0.953286 5.099937 7.874934 2.950505 0.800266 10
10 -39 -19
0 0 -1 1 0 0
1.048160 0.886219 1.025974 4.598606 7.386050 15.573662
1.002592 9.035979 1.185581 1.334899 0.901392 42
-60 40 -38
0 -1 0 0 0 -1
0.846549 1.074503 0.902568 3.512858 4.215782 16.472785
0.981395 4.486645 5.123427 2.776794 1.018648 14
-5 35 -11
0 0 -1 0 1 0
0.960121 1.052331 0.815288 3.794058 18.465730 3.893950
1.006415 3.554994 5.631034 2.038898 0.989113 43
30 92 52
0 1 0 1 0 0
0.849314 1.049589 0.840953 4.325158 6.601369 5.199612
0.864073 5.472980 7.261811 3.069065 1.032906 37
-12 -79 58
0 0 -1 1 0 0
0.855893 0.909235 1.030510 3.719580 7.204084 6.379722
0.903278 5.918697 5.662857 4.458394 0.996870 22
-42 -63 -76
0 1 0 -1 0 0
0.858672 0.852732 0.861944 3.989616 19.045983 1.541893
0.846753 3.672296 7.201749 1.254032 0.794934 30
-77 -69 24
1 0 0 0 0 -1
1.065647 0.890689 0.831466 3.077304 3.039720 6.105642
0.819179 3.654141 2.108579 1.472022 0.803597 24
77 -15 -33
0 0 -1 0 1 0
0.862324 1.051578 0.986261 4.946970 10.681263 10.432247
0.926518 4.604866 2.969039 4.666012 1.017826 6
-35 -76 86
0 0 1 0 1 0
1.015311 0.912774 0.793013 5.778376 4.097877 3.356125
1.077019 7.555621 6.504829 2.720096 0.892344 30
38 -7 -40
-1 0 0 0 1 0
0.794120 1.046442 0.865536 5.122148 19.077484 5.527618
0.855363 7.236079 6.271269 3.446890 1.013444 16
-47 36 -86
0 0 1 0 -1 0
1.064650 0.824747 0.942972 4.658503 18.369199 6.032198
1.077906 6.137898 2.948955 3.332676 1.024278 13
-84 96 -96
1 0 0 0 0 -1
1.020952 0.963322 1.020873 3.943148 5.230504 6.245174
0.868539 3.850854 4.120162 3.281844 1.018603 24
-1 22 -91
0 -1 0 -1 0 0
0.998267 0.943875 0.967008 5.075486 15.075572 17.354161
0.923156 9.875001 7.528823 4.311544 0.859641 2
-27 68 55
-1 0 0 0 0 1
0.911435 0.985496 0.929201 5.708300 20.633802 16.371102
0.883032 6.798626 7.144226 2.556697 0.848100 16
-24 29 -99
1 0 0 0 0 1
1.036790 0.849045 1.077079 4.824152 20.974797 5.492026
0.875589 9.331110 7.808628 3.371711 0.826317 9
-60 64 89
0 0 1 0 1 0
1.033919 0.990016 0.815276 3.016146 20.192217 10.869352
0.978008 5.466443 5.316198 1.559434 0.988516 4
73 -100 -9
0 -1 0 -1 0 0
0.983932 0.819692 0.879655 3.849767 18.006710 2.544631
1.062562 7.325417 1.564819 3.309929 0.974420 22
-100 8 -81
0 -1 0 -1 0 0
0.936143 0.800704 1.062083 3.143492 13.343111 15.470882
0.903241 6.337076 5.844936 1.471701 1.029358 26
29 54 97
-1 0 0 0 -1 0
1.030634 1.039814 0.796666 5.369989 12.738191 14.267388
0.993818 9.061003 3.591304 4.456509 0.829838 27
87 -84 71
-1 0 0 0 0 1
0.853187 1.042874 0.859128 5.591442 16.375882 12.193096
0.841167 4.977521 1.324700 2.510118 0.975694 42
-27 93 -45
1 0 0 0 -1 0
1.006152 1.039399 1.069905 3.738259 1.151971 7.845957
1.022496 3.362717 3.988757 1.032221 1.077322 26
6 -54 -87
0 0 1 -1 0 0
0.977444 0.843910 0.952551 4.531262 6.751378 1.514613
0.880591 6.100261 4.320439 4.312129 0.849601 34
36 90 -4
1 0 0 0 0 -1
1.008255 1.040296 0.953610 3.723252 12.107004 12.482870
0.988495 4.989298 7.893012 1.172039 0.970286 4
-39 68 -27
0 -1 0 0 0 -1
0.898559 0.872708 0.922725 4.495222 17.782961 7.246145
0.858652 8.087020 6.406599 3.576400 0.893351 37
68 -15 71
0 -1 0 1 0 0
0.875597 0.820910 1.034261 4.008420 20.369031 16.749695
1.080697 4.375521 8.256678 1.504951 1.016684 18
7 31 10
0 0 1 -1 0 0
1.020304 0.795431 0.808299 4.349609 13.674138 5.192579
0.845577 6.626579 2.290381 2.676748 0.967645 2
-52 5 70
1 0 0 0 1 0
0.921522 1.058849 0.978993 5.673954 21.609894 6.450195
1.041567 8.260608 3.432647 2.886331 1.007693 42
-36 -8 -25
0 0 1 0 1 0
0.799509 1.079139 1.048809 5.197974 3.583412 6.937278
0.816438 3.479061 3.486131 2.572562 1.067287 38
25 -95 -21
0 1 0 0 0 -1
0.823692 0.807503 0.924409 4.482809 12.224135 8.687576
1.039887 3.228774 6.067740 4.638281 1.046868 23
92 -74 -19
0 0 -1 0 1 0
1.034960 1.068424 0.940445 3.731212 14.864230 15.060628
0.902501 9.832596 7.477890 2.566273 1.038101 11
12 38 -11
1 0 0 0 0 1
0.804254 0.969806 0.809853 5.728577 19.778951 11.582552
0.947038 8.899165 2.008288 4.489937 0.949366 8
66 -72 73
0 0 1 -1 0 0
0.875736 1.078118 0.921338 3.382316 12.914389 14.822621
0.815733 3.090873 7.322911 3.452955 1.043714 5
23 24 14
0 0 1 -1 0 0
0.877534 0.972704 0.824247 5.291511 10.608522 7.364359
0.996487 7.633512 6.618094 4.478236 0.895909 30
-14 -25 -42
0 0 1 0 -1 0
0.830417 0.885735 0.837715 5.102159 10.579241 7.102132
0.942914 9.952757 4.292731 2.198045 0.833372 11
-60 -100 -59
0 1 0 0 0 -1
0.866495 0.878410 0.881481 5.313702 21.282613 10.710404
1.080608 6.352480 6.354989 4.026789 0.981917 31
5 -33 -72
0 1 0 1 0 0
0.834593 0.960277 0.975361 4.696028 9.792956 2.167551
0.882207 3.099752 6.937877 4.438447 1.042341 32
-29 8 -89
0 -1 0 0 0 -1
0.818852 0.897097 0.802636 3.144022 17.930130 4.746504
0.991757 6.923272 2.293457 1.403248 0.985116 37
28 0 94
0 -1 0 0 0 1
0.949430 0.793250 0.967138 4.572746 4.305963 3.445749
0.865108 6.686363 7.065046 3.888974 0.892353 2
4 49 75
0 0 -1 0 1 0
0.909016 0.967518 0.866349 5.879230 16.367181 4.388471
0.888931 4.378175 4.365625 1.273586 0.946201 30
-91 -97 58
0 -1 0 -1 0 0
1.041458 1.082363 0.839301 5.217642 16.586011 6.074701
0.832834 3.023136 7.564986 2.897804 0.829837 28
-8 -62 -11
-1 0 0 0 -1 0
0.949105 0.970913 0.862212 4.835613 17.369835 6.700606
1.023552 9.247883 1.217975 3.773870 1.003524 27
-99 -87 -71
0 0 1 1 0 0
0.787280 1.051782 0.868700 3.991287 17.269537 16.357518
0.813677 8.864277 5.011616 2.449666 1.040176 7
-45 33 -88
1 0 0 0 0 -1
1.073924 0.835352 0.872800 3.497446 14.781779 1.181110
0.829312 5.478233 6.609925 1.141118 0.968048 2
54 2 48
0 0 1 0 1 0
0.961393 0.810690 1.062910 5.909527 21.522664 7.471562
0.969219 8.478279 8.280261 2.850683 0.983555 39
92 -23 18
0 1 0 1 0 0
0.936095 0.903000 0.787548 5.649079 21.338779 15.516292
0.954581 7.292370 4.690825 1.896870 0.985680 40
83 -9 -4
-1 0 0 0 0 -1
0.791049 0.916371 1.012841 3.027643 13.955842 16.330612
0.947507 8.488465 7.584291 3.731712 0.786908 35
-11 -4 -14
0 0 -1 -1 0 0
0.916377 0.845847 1.067377 4.865195 3.764736 9.748765
0.921188 3.872646 4.383612 1.712533 0.851416 31
18 100 -69
0 0 -1 -1 0 0
0.824938 0.819824 0.914201 3.883476 8.454702 7.412529
0.907557 5.744047 7.394322 1.208659 0.916553 5
-57 -12 40
0 1 0 0 0 -1
0.908211 0.958884 0.798004 5.357441 21.148162 9.957728
0.794059 5.078193 6.031457 1.313073 0.892702 15
82 -39 -48
1 0 0 0 0 1
1.002753 1.069838 0.950079 3.367295 13.982756 11.350587
0.952823 7.456031 6.696530 3.368464 1.069555 22
-36 -41 95
-1 0 0 0 1 0
0.944225 1.067424 0.886055 4.284608 12.685872 11.834810
0.857516 7.869125 2.789175 1.354187 0.919788 22
62 54 66
0 -1 0 1 0 0
0.937988 1.077607 1.078902 4.517769 4.979753 14.691038
0.897560 5.913818 4.877194 4.231120 0.994031 17
24 -51 -17
0 1 0 0 0 1
0.879336 0.918733 1.027121 4.673747 15.036040 11.386017
0.997638 6.597580 1.240590 4.001548 1.061156 25
68 -20 63
0 0 -1 0 1 0
0.993651 0.860048 0.952885 3.623516 16.915807 5.977663
0.997123 8.494414 8.507944 1.503331 1.080691 13
57 -31 -96
1 0 0 0 0 -1
1.008527 0.919790 0.813610 4.280899 8.768062 4.892312
0.965282 4.541587 4.633222 1.439971 1.048796 30
73 -76 91
0 1 0 -1 0 0
0.941619 1.023501 0.999660 4.037904 21.150446 6.373278
0.872154 6.895371 1.652565 4.776682 0.891978 34
77 63 0
-1 0 0 0 1 0
0.959897 1.052432 0.995338 4.904465 9.868135 12.379027
0.939751 6.084360 2.985745 3.513743 0.791784 29
-49 35 -1
0 -1 0 -1 0 0
0.955346 0.926203 0.811133 5.347881 12.667555 11.333189
0.826315 6.810873 2.323331 2.730000 1.084547 36
33 7 -39
0 0 1 1 0 0
0.844226 0.830674 1.038118 3.789259 18.090348 16.265179
1.003747 9.771664 7.022238 1.088969 1.035887 36
-91 57 13
0 -1 0 0 0 -1
0.870345 0.991498 0.803902 4.237334 5.823215 16.058613
1.046804 6.010026 5.737010 1.250474 0.997524 9
78 30 -53
-1 0 0 0 0 1
0.981872 0.806911 0.879807 4.737843 8.110915 9.159126
0.998721 5.199900 3.636242 2.990984 0.903169 20
26 21 50
0 1 0 0 0 -1
0.823246 0.845026 0.829749 3.886488 7.647186 15.004828
1.032476 9.732724 4.306976 1.729304 0.950867 37
-85 66 -25
0 -1 0 0 0 1
1.065353 0.946913 1.018680 3.307862 5.376993 13.975974
0.827851 9.865962 3.038533 4.528429 1.029284 41
30 66 -32
1 0 0 0 1 0
0.840698 0.848989 1.038199 5.519986 6.704900 5.062989
1.039183 9.899932 6.494572 1.970415 0.972748 33
-26 87 -96
0 -1 0 -1 0 0
0.937764 1.070292 0.947584 4.310060 4.137252 8.344214
0.877785 5.343274 2.376597 1.441518 0.880329 20
60 -74 43
0 -1 0 0 0 1
0.865928 0.929799 0.788512 3.798505 8.359098 15.228685
0.852691 6.858075 7.137091 3.642940 0.837265 31
-61 -81 29
0 1 0 -1 0 0
0.803198 1.008510 0.993370 4.639330 13.239839 1.025610
0.826622 6.157978 1.082359 2.093757 0.948059 17
41 87 0
1 0 0 0 0 -1
0.797091 0.787388 0.956874 4.445491 1.761789 15.322745
0.908266 3.985495 6.735183 3.973033 1.055979 43
-37 -24 32
-1 0 0 0 1 0
1.002084 0.979082 1.007689 5.387107 13.351645 14.576123
0.929252 3.739677 4.936379 2.620189 0.940181 26
67 1 -35
0 0 1 0 -1 0
1.067330 0.925776 1.072196 5.142792 15.536666 11.356429
0.845577 6.602364 1.715965 3.158783 0.868683 34
-31 59 79
-1 0 0 0 0 1
0.827404 0.993629 0.885033 4.294302 13.394718 6.358735
0.795579 4.995209 1.051656 3.786707 0.858937 43
-69 54 -5
0 0 1 0 1 0
0.788620 0.947849 0.989955 3.986772 5.871218 3.549308
0.903196 6.544675 7.534301 1.827390 0.880689 21
74 -8 67
-1 0 0 0 0 1
1.022752 0.960649 0.922441 4.642990 11.960029 12.705152
1.034342 7.003288 7.376082 3.495548 0.902980 29
-90 61 39
-1 0 0 0 1 0
1.046874 0.987459 0.822085 3.190115 1.872512 4.891954
0.881471 3.248332 7.521787 1.113407 0.818441 16
-38 27 -81
0 0 -1 -1 0 0
0.819080 0.865259 0.926146 3.617065 11.221522 6.292933
1.003108 9.446806 2.373414 2.294048 0.806789 25
-8 76 39
0 0 -1 0 -1 0
0.947198 0.901928 0.894012 4.492989 18.199189 1.014138
1.053838 8.566183 5.445006 1.405344 0.814652 36
-14 55 2
0 1 0 -1 0 0
1.024234 1.037121 0.889637 4.471159 16.992928 6.723860
1.065486 6.406907 7.446700 4.266517 1.036405 41
100 -13 -44
1 0 0 0 1 0
0.808371 0.987747 0.909939 5.199616 20.347429 15.606519
1.026705 9.298348 6.541807 2.150835 1.020914 37
-99 -63 -35
-1 0 0 0 0 1
0.932880 1.060230 1.023560 5.811437 11.127944 14.177435
1.015146 5.870105 5.729543 1.728621 0.882298 4
56 22 -24
-1 0 0 0 -1 0
0.942532 0.852600 0.853348 4.149834 11.943498 11.483966
1.050200 6.837353 4.904537 1.761212 0.912587 33
26 -21 32
0 1 0 0 0 1
1.021028 0.896639 0.892517 4.751336 8.607761 11.301865
0.808688 8.978703 3.211983 2.048591 1.076018 8
-52 -10 24
0 0 -1 -1 0 0
1.009754 1.012205 1.055479 5.006866 11.129779 5.425984
0.947722 3.403434 6.355335 4.218584 0.881672 23
34 30 -53
1 0 0 0 0 -1
1.083863 0.905991 0.884535 3.375951 3.838101 5.737035
0.839574 5.897050 8.368014 3.744559 1.020727 37
-18 58 -63
0 0 -1 0 -1 0
0.842693 0.865750 0.978944 4.876498 20.662325 16.123436
0.874878 8.212148 4.083277 2.316935 1.065692 21
69 54 -23
0 0 -1 0 1 0
0.906273 0.856879 0.833951 3.441356 5.410378 7.717438
0.850007 7.055751 4.615953 4.465220 0.820174 3
18 -10 -57
0 -1 0 -1 0 0
0.916489 1.019337 1.063661 5.876083 9.017086 14.246886
1.083438 3.216674 7.603997 2.624519 1.013815 44
-2 21 -40
0 -1 0 0 0 -1
0.870021 1.006565 1.006962 3.611404 18.917904 17.037307
0.961971 8.628614 7.744348 2.728499 1.069702 15
-66 52 -66
-1 0 0 0 -1 0
0.956925 1.008041 0.868528 4.733123 21.052711 11.493113
0.807589 6.574860 7.691088 4.397331 0.820501 33
-80 12 -84
0 1 0 0 0 -1
1.081484 0.985968 1.052162 5.702293 16.308103 14.023064
1.021607 3.088855 2.105075 3.218456 1.056657 17
87 -33 -62
0 1 0 0 0 -1
0.886940 0.967133 0.871590 3.630146 21.347059 3.851058
1.004591 6.960653 1.988666 3.894038 0.786018 34
-59 5 78
-1 0 0 0 0 1
0.819570 0.874507 0.884233 5.779273 6.879497 9.119305
0.800686 7.902569 7.464657 4.743150 0.820582 3
-51 -46 -78
-1 0 0 0 1 0
1.028418 0.915264 0.981042 4.908515 8.320853 13.306694
0.939070 6.862287 3.978630 4.428361 0.888850 41
16 98 21
-1 0 0 0 -1 0
0.969042 1.029726 0.972344 5.781449 15.928154 11.047936
0.868788 3.181149 5.976476 1.774052 0.862288 13
34 -12 -62
-1 0 0 0 0 -1
0.796131 0.897413 0.955314 5.083953 12.275351 9.303203
0.964094 6.207322 2.778878 1.315137 0.923229 30
-25 62 -57
0 -1 0 0 0 -1
1.045540 1.062594 1.057520 3.490386 19.830618 10.174082
0.954628 4.819150 6.330048 2.552571 0.834554 34
3 10 -39
0 0 -1 0 1 0
0.927156 0.883441 0.916641 5.541818 6.985715 11.507387
0.851445 3.321612 6.628683 2.572750 1.038295 10
-8 0 -25
0 0 -1 0 1 0
0.925960 0.832204 0.889527 3.705967 8.158811 16.448402
0.859881 9.732494 7.947251 1.710930 0.866416 33
-15 32 -81
-1 0 0 0 0 1
0.860796 0.795068 0.951442 3.953877 20.795870 16.482253
0.836474 6.657524 1.579673 1.252622 0.856662 40
59 84 97
0 1 0 -1 0 0
0.797688 0.820951 0.924519 3.346895 21.535764 12.996263
0.828188 5.934933 1.756934 4.231445 0.827986 14
6 7 75
1 0 0 0 1 0
0.863050 0.873105 0.971352 3.754768 18.932200 12.707080
0.903326 5.687871 1.469599 1.690811 0.800941 9
89 -3 -40
0 0 -1 0 1 0
1.040099 0.888086 0.989572 3.506189 2.493335 12.111664
0.948445 8.074075 8.047924 2.690630 0.982093 14
-12 34 -79
0 0 1 0 1 0
1.040674 0.795863 1.000965 5.293983 16.121875 4.115517
0.956373 6.115342 7.813154 2.790354 0.868203 35
46 23 -62
0 1 0 0 0 1
0.955297 0.914858 0.941661 5.087860 5.539212 12.921508
0.809856 9.948953 7.224048 2.676343 0.973907 3
25 -24 -63
0 1 0 0 0 -1
0.833461 1.067080 0.868410 5.795777 4.333127 12.793180
0.959514 9.728152 7.602346 2.154068 0.800450 14
33 20 -99
0 0 -1 0 -1 0
1.014886 0.966740 0.815070 4.093729 17.928108 15.147037
0.932150 3.717140 1.289527 1.483591 0.848992 12
50 -39 -19
0 -1 0 0 0 1
0.985034 1.079987 0.922305 4.708462 13.592156 5.422609
1.004722 3.135717 2.368872 2.046966 0.843740 29
28 35 -99
-1 0 0 0 1 0
0.882963 1.041329 0.825881 4.653554 19.254070 5.690317
0.950660 7.657525 1.564325 3.757711 0.954469 5
27 1 -10
1 0 0 0 0 1
1.051452 0.927816 0.873291 4.437345 6.972139 12.588780
1.041724 9.311487 7.660238 2.246004 1.033420 36
82 -35 20
1 0 0 0 -1 0
0.922243 1.005474 0.988874 3.382361 20.062957 10.162078
0.820367 7.485990 7.532749 2.138777 0.864194 20
80 -96 30
-1 0 0 0 1 0
0.788500 0.813059 0.955641 4.594805 8.815307 8.699542
0.923325 8.825228 7.762766 1.041337 0.949844 16
-89 65 -29
-1 0 0 0 -1 0
0.807663 0.904059 0.933266 3.915034 6.476455 6.390099
0.898719 7.823431 8.522133 4.255919 0.838373 44
-31 -50 8
0 -1 0 -1 0 0
0.879166 0.867255 0.892837 5.448807 14.356050 10.947636
1.024894 8.031290 8.559368 1.941561 1.068237 15
78 -59 68
0 1 0 0 0 1
0.926448 0.936409 0.914102 4.537759 16.187005 13.677427
0.898040 5.552830 3.996265 2.335856 0.909241 36
47 -54 33
0 -1 0 0 0 -1
0.941766 1.007857 0.788717 5.179402 9.433064 5.966701
0.831088 7.062323 1.333972 1.727908 1.005093 25
81 -31 2
0 0 1 -1 0 0
0.892363 0.841835 0.935948 5.375680 13.898067 5.276144
1.013666 5.257592 2.761567 2.670277 0.993626 18
97 33 -74
1 0 0 0 -1 0
0.982540 0.902447 0.937620 5.868837 6.007317 12.407447
0.881983 6.974921 6.832716 4.618113 1.020182 17
38 8 25
0 0 -1 0 -1 0
0.798582 0.888293 0.796370 5.010195 10.670708 9.179341
0.953352 9.015288 5.034846 1.472641 1.007950 27
76 46 16
-1 0 0 0 1 0
1.064535 0.823187 0.944418 5.225314 7.629007 4.612253
1.044569 8.863568 6.741811 3.644871 1.081477 29
68 32 -99
1 0 0 0 0 1
0.922088 0.865581 0.936566 5.641987 14.842458 5.423675
0.805460 9.567994 6.855412 2.960551 1.050725 2
-45 -22 -32
-1 0 0 0 -1 0
0.786244 0.843700 0.901495 5.838418 20.825486 1.313868
0.862008 7.568567 2.769596 4.500073 0.914912 1
-81 54 21
0 -1 0 -1 0 0
0.971633 1.076888 0.835769 3.982547 10.581823 15.619641
0.884675 8.342628 3.896544 4.099072 0.912172 36
-96 39 13
0 -1 0 0 0 1
0.866928 1.012735 1.019101 4.849081 11.943296 14.363335
0.900715 3.740422 8.349983 1.358806 0.842027 13
77 63 92
0 -1 0 -1 0 0
0.985431 0.996561 0.858494 5.734082 16.479601 13.888263
0.971634 7.768575 7.430274 3.731779 0.905101 19
-51 2 76
1 0 0 0 -1 0
0.926242 0.952577 0.963645 3.982203 19.092422 8.287271
0.877196 3.543143 3.131682 1.839954 1.032998 10
22 -83 -22
0 0 -1 -1 0 0
0.786970 0.886644 0.959296 3.326891 13.731667 17.089518
0.958201 4.436347 7.548675 2.355465 0.855264 16
-49 -61 35
1 0 0 0 1 0
0.878992 1.075784 1.030797 5.739271 5.823920 15.041673
0.802810 9.729577 5.363585 2.142191 1.082055 1
89 47 -89
0 -1 0 0 0 1
1.075986 0.836486 1.062477 5.298162 13.476614 7.590363
0.936055 5.194415 8.538479 2.004148 1.042853 39
5 -85 -62
1 0 0 0 1 0
0.894627 0.911295 1.050637 4.867534 1.204075 6.810466
1.002187 3.143232 7.504639 1.021399 0.988681 26
-48 -98 -71
0 -1 0 0 0 1
0.975895 0.799416 1.066788 4.103848 13.465806 5.365987
1.050627 3.832590 7.168672 3.681312 1.057100 30
-69 24 -89
0 0 1 0 -1 0
0.862342 1.041981 0.787136 3.993140 18.460115 12.339469
0.854385 8.239151 6.347200 3.568722 0.888690 16
37 8 51
-1 0 0 0 0 -1
0.794949 0.979688 0.959080 4.415339 8.630121 9.254128
0.834211 7.451978 4.120098 4.728374 1.021708 3
32 48 -90
0 0 -1 -1 0 0
0.986172 0.814976 0.829120 3.462312 11.130256 14.874721
0.834789 8.619554 6.995150 3.931433 1.016269 6
1 45 -80
0 1 0 0 0 -1
1.014699 0.996686 1.017236 5.721409 14.432340 17.440628
0.900873 6.807788 5.478321 2.600148 0.910880 33
-21 -5 -71
0 0 1 -1 0 0
0.879431 1.081938 1.026232 3.911621 4.665627 16.200905
0.957385 3.710577 8.379755 3.880577 0.858167 14
99 -37 -37
0 -1 0 -1 0 0
1.063827 1.012321 1.070266 5.442502 8.409703 2.223772
0.805496 4.307103 1.200251 1.958062 0.913539 31
22 -97 -99
0 1 0 0 0 1
0.928577 1.012169 0.867273 3.502485 3.442651 5.243174
1.052166 8.155566 6.780860 3.810877 0.822457 44
93 -89 32
1 0 0 0 0 1
0.949558 0.975696 1.009636 5.223236 5.717371 9.345002
1.080956 9.811952 7.778676 3.080623 0.904763 15
-79 69 -35
0 0 1 0 -1 0
1.040932 0.941046 0.842853 3.030840 1.525977 10.473076
0.942628 9.276963 1.216533 2.070596 0.892787 44
