0 3 0
85 1 85
122 1 122
157 1 157
2 0 0
18 1 18
39 1 39
6 0 0
23 1 23
38 1 194
52 1 52
74 1 74
142 1 142
172 1 172
3 1 0
34 1 34
60 1 60
188 1 188
180 1 180
0 0 0
0 0 0
2 0 0
48 1 174
199 1 199
2 0 0
179 1 179
183 1 44
3 0 0
51 1 108
107 1 2
109 1 31
0 1 0
35 1 35
0 0 0
2 1 0
28 1 196
46 1 156
143 1 7
1 0 0
7 1 143
0 0 0
1 1 0
190 1 112
119 1 48
2 0 0
42 1 198
175 1 175
1 0 0
108 1 25
1 1 0
66 1 66
21 1 21
2 0 0
102 1 6
174 1 31
0 1 0
94 1 94
0 0 0
3 3 0
67 1 67
80 1 80
113 1 26
70 1 174
145 1 145
159 1 159
2 1 0
41 1 167
124 1 70
168 1 76
2 0 0
43 1 194
129 1 58
1 1 0
150 1 95
152 1 152
1 1 0
169 1 44
185 1 37
3 0 0
26 1 26
98 1 118
144 1 26
2 1 0
15 1 138
61 1 156
103 1 103
0 0 0
2 0 0
54 1 54
158 1 44
0 0 0
1 1 0
156 1 138
100 1 100
0 0 0
1 0 0
139 1 22
1 1 0
128 1 22
176 1 176
1 0 0
171 1 32
0 0 0
1 1 0
101 1 63
130 1 25
0 1 0
37 1 185
0 0 0
0 0 0
0 0 0
3 2 0
45 1 156
104 1 121
131 1 1
5 1 5
120 1 62
1 1 0
87 1 126
78 1 136
1 0 0
62 1 123
2 0 0
32 1 127
72 1 126
0 0 0
1 0 0
111 1 79
0 0 0
1 0 0
126 1 44
0 0 0
1 0 0
114 1 2
1 0 0
106 1 53
0 0 0
1 0 0
71 1 118
0 0 0
0 0 0
0 0 0
0 0 0
0 0 0
1 0 0
69 1 196
0 0 0
0 0 0
0 1 0
125 1 25
0 0 0
0 0 0
0 0 0
1 0 0
47 1 138
0 0 0
1 0 0
8 1 181
1 1 0
123 1 44
193 1 58
1 0 0
44 1 153
0 0 0
0 0 0
2 1 0
164 1 16
165 1 56
25 1 123
0 0 0
0 0 0
0 0 0
0 0 0
0 0 0
0 2 0
68 1 140
84 1 127
0 0 0
0 0 0
0 0 0
0 0 0
0 0 0
0 0 0
0 0 0
1 0 0
55 1 181
1 0 0
146 1 16
1 0 0
58 1 196
0 0 0
0 0 0
0 0 0
0 0 0
1 0 0
11 1 118
1 0 0
141 1 2
0 0 0
0 0 0
1 0 0
177 1 10
