100 100
-73 -45 68
1 0 0 0 0 -1
0.840367 1.010541 1.082501 4.664721 18.206398 8.151572
1.143617 5.869776 7.213775 3.666917 0.887198 26
-81 -61 92
0 1 0 0 0 -1
1.009565 1.085663 0.965247 4.675548 37.090586 3.610301
1.202298 5.589686 6.961782 2.584776 0.956980 26
37 -78 -42
0 -1 0 1 0 0
1.095607 0.918435 1.015678 4.648389 46.380437 6.666163
1.186520 4.993078 7.387000 3.028095 0.948959 27
7 -49 66
1 0 0 0 0 -1
1.135492 0.867185 0.899028 4.390837 23.857550 3.371642
0.941670 7.912557 2.983548 3.354607 1.121831 3
15 80 14
1 0 0 0 1 0
0.901314 0.828886 1.198654 3.340814 59.469884 2.003144
1.073426 3.996991 2.467928 2.408904 0.838133 8
38 42 78
0 -1 0 0 0 -1
1.109659 0.957657 1.011256 3.277644 11.079774 2.986890
1.187685 5.924062 4.039282 2.827695 1.050156 31
-14 96 -61
-1 0 0 0 0 1
0.818006 1.194777 1.222000 4.411106 48.237315 9.413261
1.137485 3.612009 3.728788 2.015475 1.115376 17
19 63 -68
0 0 1 0 1 0
0.975491 1.090976 0.900211 3.623350 27.274014 1.407433
0.794350 4.724556 1.611684 3.093271 0.879652 19
49 -53 -1
-1 0 0 0 0 1
1.156852 0.824439 1.031323 4.573985 42.961124 4.886691
1.056109 4.795626 5.790951 3.781193 0.795347 2
-64 94 91
0 -1 0 0 0 1
0.789863 0.845121 0.806079 3.482068 15.144735 1.128319
1.047641 7.238363 8.323859 1.870484 1.025711 22
-80 -35 -51
-1 0 0 0 1 0
1.111687 1.013715 0.967711 4.706491 55.552029 7.916037
1.102361 6.899041 3.591553 2.682871 1.032099 3
-88 43 50
1 0 0 0 -1 0
0.898139 0.994568 0.795149 3.759470 56.030438 5.765467
1.143130 6.072377 6.975621 1.883272 0.982143 22
81 86 0
-1 0 0 0 -1 0
1.173540 0.891412 0.839699 3.025921 55.077772 9.629601
0.855573 5.753085 3.927277 3.362661 1.152246 28
-84 2 28
0 0 -1 0 1 0
0.889655 0.886658 0.921804 4.447546 56.428036 1.820477
0.884794 3.443902 5.274316 4.374291 0.809136 41
14 -69 25
0 0 -1 0 -1 0
0.830611 1.029525 0.986106 4.560839 61.369809 9.558795
1.142730 4.115952 1.554935 1.113853 0.866752 12
-16 59 -98
-1 0 0 0 0 -1
1.106061 1.054739 1.126208 3.260761 47.891362 9.766499
1.105247 6.097329 7.457804 4.515956 0.793238 29
-67 -23 -12
0 1 0 1 0 0
1.152538 1.014902 1.103062 3.499662 47.448378 9.131388
0.891445 3.953310 5.392997 1.232893 1.138220 1
77 81 -10
-1 0 0 0 -1 0
1.170211 1.092064 1.115695 3.732790 32.972757 10.582083
0.928663 5.162091 1.559381 4.701113 1.057197 7
-17 -18 43
1 0 0 0 1 0
1.013062 1.153585 1.019246 3.550748 50.439989 9.754247
0.822985 5.673415 1.417329 1.469634 0.785577 19
83 -39 15
0 0 -1 0 1 0
1.194755 1.051087 1.197413 3.386506 47.309204 6.488459
0.854721 4.028578 7.276510 3.135922 0.966834 31
67 89 94
0 1 0 -1 0 0
0.899702 1.199434 0.823510 3.218904 52.299586 4.295178
1.038084 3.710003 2.325698 1.480510 0.979318 35
-94 -9 -34
0 0 1 -1 0 0
0.897079 0.834950 1.038666 3.814541 44.930922 3.475355
0.986272 6.347797 2.940824 4.793115 0.903664 37
-47 -62 27
1 0 0 0 0 -1
0.801912 1.216690 1.145741 3.151997 37.614788 4.201858
1.107532 6.406320 3.916966 4.636443 1.046340 31
94 -80 99
0 -1 0 1 0 0
0.889413 0.826027 1.009199 3.549186 62.745764 5.253219
0.865390 3.029097 8.396632 4.650731 0.860596 16
-64 42 80
1 0 0 0 -1 0
1.051554 1.128979 1.206201 4.721419 38.356315 8.355570
1.198466 6.558447 3.690751 3.812750 1.186227 44
25 -66 32
1 0 0 0 1 0
1.206584 0.837677 1.150612 4.108155 31.938648 2.558418
1.022339 5.747295 1.790081 3.433860 1.141432 40
94 78 -82
0 0 -1 0 -1 0
0.810899 0.882106 0.938444 3.418796 18.510991 10.389504
1.007864 4.171521 6.585025 2.183548 0.908052 28
13 -82 -45
0 -1 0 0 0 -1
1.157517 1.218973 1.095992 3.273091 17.869628 2.779854
1.047815 4.142434 6.313340 2.599087 0.833370 1
25 -12 96
0 0 -1 1 0 0
0.814133 1.077408 1.201132 3.961913 4.584996 6.674334
0.928518 7.355301 5.084354 4.223109 1.044936 24
-66 78 -8
0 0 1 0 -1 0
0.955857 0.981210 1.054796 4.244042 50.684935 3.121974
1.113782 5.526767 6.627217 2.744501 1.160283 12
-45 -58 -78
0 0 -1 0 1 0
0.994160 0.799334 1.116906 4.129805 15.897085 4.412678
1.072532 6.351178 7.265428 3.487249 1.044254 15
1 45 -79
0 0 -1 -1 0 0
0.917033 1.163106 0.800996 4.096078 49.329303 2.392806
0.949508 4.315271 5.128041 3.412832 0.993036 33
67 0 17
-1 0 0 0 1 0
1.017021 1.019332 0.966456 4.454458 35.426580 9.844575
0.910885 3.362814 5.474307 2.550485 0.814683 30
-94 50 49
0 1 0 1 0 0
0.875234 1.054906 1.184342 3.404898 54.761084 9.946253
0.809109 3.303349 3.441435 4.303730 0.832622 33
-10 52 -98
0 -1 0 0 0 -1
0.955772 0.885394 0.909968 3.746916 30.662852 8.954982
0.878573 3.573443 7.743479 2.166848 1.173574 32
-14 -6 54
0 0 -1 0 1 0
0.895769 1.121240 1.086242 3.486631 43.866369 2.192580
1.103875 4.657663 1.567303 2.060325 1.019807 39
24 3 -85
1 0 0 0 0 1
0.839486 1.038651 0.993056 4.549768 44.381533 1.994227
0.900640 4.840950 8.045072 4.288115 1.022743 9
95 84 70
0 0 1 -1 0 0
0.819573 0.821808 1.077464 3.259867 22.906348 1.049059
1.051965 3.253853 7.126282 4.285259 1.161748 12
22 49 -33
-1 0 0 0 0 -1
1.019945 0.881819 0.797796 4.719519 24.415543 9.361801
1.031958 7.501294 2.105440 4.626276 1.126724 36
60 -84 3
0 0 -1 0 -1 0
1.088809 0.942420 1.021368 4.692698 4.798630 2.380473
0.850577 7.402900 1.714319 1.010171 1.185042 40
-62 22 96
0 0 1 1 0 0
0.877715 0.998048 0.978257 3.639717 23.672872 6.116626
1.195920 7.915382 2.696257 4.794582 1.214490 2
-40 -96 -49
0 0 1 0 -1 0
1.098970 0.961526 1.127408 3.340009 45.116708 1.058523
1.181121 3.954427 4.130311 1.625364 0.950863 41
88 94 86
0 -1 0 1 0 0
0.905058 0.889579 0.813164 4.671612 60.499657 2.770183
1.040731 6.519966 6.189991 2.758301 1.055079 24
-93 82 -87
0 0 1 1 0 0
0.886316 1.151607 0.818775 3.976307 37.518227 9.940918
1.144968 6.428929 8.567995 3.375406 1.091936 36
17 -14 -21
0 1 0 -1 0 0
1.180402 0.886339 0.795948 4.261824 43.980526 4.141552
0.980137 4.867504 5.223374 1.313800 0.798021 12
-6 -14 -43
0 0 1 0 -1 0
1.049536 0.951513 1.205151 4.195682 41.615852 9.958455
0.792347 5.462016 6.736962 1.920294 0.862193 11
-90 34 -37
1 0 0 0 0 -1
1.104930 1.055217 0.997532 3.506123 61.900825 8.228297
1.060202 4.331721 3.868851 1.827978 0.805395 45
-54 -45 -100
-1 0 0 0 -1 0
0.922952 0.995273 1.132470 3.241152 53.300704 6.424935
0.833132 7.953910 4.492436 1.307565 0.841692 16
27 -86 64
0 1 0 0 0 -1
1.051611 1.197491 1.073024 4.279585 16.301058 3.812074
1.049065 4.013852 3.190714 2.061362 1.147650 44
-72 35 -47
0 -1 0 0 0 1
0.827665 1.067234 1.193191 4.508142 30.393638 9.325966
1.023224 4.832315 1.808028 1.754210 0.899489 12
-18 16 66
0 -1 0 1 0 0
1.102076 1.016428 1.062569 3.277347 25.304517 4.847768
0.859837 6.961960 7.079986 2.772773 0.994396 15
23 -4 -67
-1 0 0 0 -1 0
1.052266 1.061475 0.869029 3.190836 26.591010 2.184027
1.066397 4.494227 2.114802 3.624566 0.896337 34
-78 14 -21
0 1 0 0 0 -1
0.852556 1.065021 0.834961 4.370764 49.009751 4.513508
1.063862 4.007789 7.658108 4.068090 0.942189 44
48 3 -28
0 0 1 -1 0 0
0.959128 1.181303 0.871553 4.196166 29.039187 5.284544
0.921350 6.518925 3.028153 4.303240 1.098933 37
26 79 -80
0 0 1 1 0 0
0.847343 1.144718 1.121964 3.665223 35.235678 7.542831
0.796896 4.157482 6.616027 1.269754 0.896502 27
-45 -8 -34
0 -1 0 1 0 0
0.898032 0.925281 1.171357 3.551645 14.232638 5.933642
1.115949 7.554681 3.878823 4.672704 0.887168 6
-30 33 63
0 0 1 -1 0 0
1.133362 1.036185 0.996131 3.882065 41.187952 3.748038
0.888541 4.904116 7.960263 2.426497 1.059904 34
14 26 -22
1 0 0 0 0 -1
1.082540 0.872460 0.967239 3.466760 26.009743 6.420424
1.093502 6.147642 5.135460 1.968307 1.166118 23
16 -31 -84
0 0 1 -1 0 0
0.807324 0.971542 1.155638 3.502282 38.827802 2.947585
0.825491 3.007223 1.240205 4.576600 1.186775 27
16 -30 -71
0 0 1 0 1 0
0.837346 1.080186 0.890566 3.644653 21.371154 10.675922
1.061332 3.397911 3.449114 3.681534 0.794100 18
7 -29 65
0 0 -1 -1 0 0
0.894136 0.798964 1.080493 4.188049 45.089670 10.363023
1.110785 4.037631 8.307089 1.901313 1.108681 35
-47 92 48
-1 0 0 0 0 -1
0.999005 0.990199 0.800515 4.429593 54.377183 2.369711
1.058154 4.215876 2.985004 1.960290 1.156374 7
95 -82 -35
0 1 0 -1 0 0
1.126152 0.907922 0.904917 3.588400 54.734572 3.650740
0.918462 6.326235 4.537309 3.599124 1.061381 45
3 -28 44
1 0 0 0 0 1
0.908988 1.021659 0.866335 4.243264 19.427394 8.643606
1.204010 3.566965 3.541759 3.227784 1.154448 1
41 55 -15
0 -1 0 1 0 0
1.020281 0.850660 0.920130 4.463142 13.060961 6.129947
0.814820 7.263208 6.562279 3.276120 1.037476 5
72 20 96
0 0 -1 -1 0 0
1.125540 1.160444 1.093695 4.509579 48.124924 7.777612
0.987316 4.998678 1.387486 3.379821 1.069434 35
-54 35 -33
-1 0 0 0 1 0
1.212701 1.106807 0.931198 3.006091 55.080178 10.359522
0.952390 4.603006 2.341309 3.143910 0.816973 5
-96 47 -63
0 -1 0 1 0 0
0.887548 1.008946 0.892990 4.552928 41.754147 1.574005
1.085745 7.423801 5.779744 1.608990 0.789417 1
69 -65 -47
0 -1 0 1 0 0
1.136267 1.162498 0.975699 3.625487 55.808802 9.693784
0.853505 4.522606 2.930933 1.961224 1.106779 3
56 -62 -68
0 0 -1 -1 0 0
0.842627 0.872157 1.191137 3.383532 40.714768 10.575992
0.795557 7.622293 1.168895 3.632551 0.897807 26
63 66 49
-1 0 0 0 1 0
1.136995 0.959386 1.141077 3.806919 18.701932 1.468644
1.196506 4.178519 4.614694 2.484428 0.976106 35
27 70 93
-1 0 0 0 1 0
0.818433 0.975986 0.800322 3.230111 35.523296 6.782564
1.093274 3.888046 2.018355 2.149914 0.816348 18
-15 -24 66
0 0 -1 0 -1 0
0.822465 0.965883 0.799018 3.623692 12.696416 2.750871
1.152298 5.224491 8.202004 2.120617 1.062547 2
-22 78 29
0 0 -1 0 -1 0
0.953092 1.218539 0.943057 4.382202 51.965717 6.713908
1.086756 3.063189 6.956240 4.701156 0.839143 15
64 -58 100
0 0 -1 1 0 0
1.107483 0.909345 0.806259 3.915837 23.348118 9.434719
0.868396 6.471103 5.599579 4.500215 0.980179 10
-42 54 13
0 0 1 1 0 0
1.160720 0.853191 1.220322 3.348248 13.044566 6.491465
0.934532 7.419073 4.290227 1.723277 0.968332 37
22 99 -16
0 1 0 0 0 1
0.879093 0.839522 0.799435 3.595581 43.985055 3.960054
1.209414 6.647955 5.552723 1.083440 0.866421 22
-38 24 -77
0 -1 0 1 0 0
1.159781 1.044966 0.898687 4.046603 2.387067 7.898674
0.955879 4.884967 2.619259 1.415023 1.059198 36
99 -8 55
0 0 1 1 0 0
0.986609 0.791640 1.043833 4.202953 15.705663 6.926738
0.959740 5.686635 5.431544 2.731467 0.852306 22
-36 98 83
-1 0 0 0 1 0
0.909371 0.949323 1.175690 4.528847 57.800690 9.025570
1.201425 4.737543 1.273143 1.774890 1.020724 17
55 -32 49
1 0 0 0 0 -1
1.186839 0.794359 1.023273 3.555056 43.672710 1.698160
1.038431 3.838083 5.170261 2.154531 0.968733 10
28 -94 51
0 -1 0 0 0 -1
0.833199 0.954840 1.098991 4.594930 32.184538 9.945793
0.897870 5.368254 5.974339 2.361944 1.101385 18
50 -71 -22
0 0 1 1 0 0
0.977643 0.961592 0.945600 3.778099 14.993365 3.684783
0.939046 6.492597 1.600665 3.747334 0.900388 3
-49 -3 36
0 1 0 0 0 -1
1.179554 1.023504 0.789979 3.567312 7.761488 1.357062
1.099138 4.674592 2.721477 1.690266 1.211820 4
28 -3 -44
1 0 0 0 0 -1
0.887465 1.070318 0.805277 4.594318 58.864617 6.059000
1.068643 4.670910 3.329916 3.092288 0.961709 36
-17 -25 56
0 0 1 0 -1 0
1.156679 0.919379 1.063360 4.481351 40.480117 5.635004
0.991046 3.424735 5.590244 2.238763 1.218577 10
-95 76 -44
0 0 1 0 1 0
0.886228 0.854309 1.188797 4.277657 51.216816 3.681478
1.022577 3.543128 5.950710 1.050174 1.132053 26
-2 -10 27
1 0 0 0 1 0
1.111090 0.820225 1.201149 4.648846 1.129928 6.833993
1.039605 4.343468 6.579852 1.114575 1.086398 46
60 86 -46
0 -1 0 0 0 1
1.209093 1.049520 1.031561 3.393536 43.532871 7.076023
1.050309 5.012972 5.538542 1.495408 1.136912 8
31 29 90
0 0 1 0 -1 0
1.067828 1.039043 1.116091 3.123769 41.364667 8.560894
0.948719 6.607958 6.135963 2.674801 0.878814 26
-25 -35 88
0 0 -1 -1 0 0
0.823508 0.969585 0.991379 3.853040 24.630382 9.800856
1.091992 7.149189 5.729368 3.990315 1.027172 1
-7 -74 -46
-1 0 0 0 0 1
1.146447 0.847195 1.218309 4.672464 41.869093 2.768865
0.830458 4.704157 7.287097 3.150539 1.011215 18
-78 -43 -38
0 1 0 0 0 -1
1.057352 0.864556 1.198686 4.449032 21.329015 4.093785
1.107518 7.181317 8.179115 2.167874 0.914623 11
58 -62 24
1 0 0 0 0 1
1.099111 1.073699 1.045546 3.032996 41.248216 7.274292
0.833503 6.172067 3.141048 3.409270 1.036342 24
91 -42 -94
0 0 1 1 0 0
1.006723 1.026346 1.006586 3.014109 52.001348 5.545308
1.008523 6.683393 3.763006 3.954929 0.955633 27
91 27 74
0 -1 0 1 0 0
1.181420 0.789894 1.141742 3.337060 45.141859 8.231326
0.888322 4.711328 4.666501 1.768738 1.113418 45
-92 -39 44
0 0 1 0 1 0
0.891257 1.061382 0.952406 4.239277 58.605944 9.428596
0.863704 4.286681 2.724312 1.053248 0.796079 16
-5 -36 63
0 1 0 -1 0 0
1.009243 1.081965 0.794891 4.112258 55.668505 1.151197
0.926226 3.655061 6.576967 3.373608 1.165362 2
39 -79 20
0 -1 0 -1 0 0
1.039572 0.941415 1.203977 4.174200 30.664445 3.858191
0.857051 4.722580 1.816166 2.565223 0.802190 46
93 70 -58
0 1 0 0 0 -1
0.904638 0.959640 1.184316 3.262441 7.990221 2.969491
1.016928 3.560196 4.631458 4.065687 0.947287 24
98 -25 -18
-1 0 0 0 0 -1
0.878441 0.980530 0.958293 4.275442 31.827445 8.143877
0.980791 4.807313 1.947714 1.398778 0.982644 34
48 -24 76
1 0 0 0 1 0
1.137072 1.174848 0.870706 4.310808 51.133640 4.489687
0.949742 4.192678 2.363906 1.667358 0.996971 26
-12 -67 -71
0 1 0 -1 0 0
0.953483 1.027334 1.011681 4.033351 21.631751 5.514826
1.053822 4.006677 2.134805 3.256833 0.943842 43
-29 -50 19
1 0 0 0 0 -1
0.853521 1.030255 0.870112 3.786406 41.129610 6.891362
1.143934 3.870655 5.694969 3.032771 1.008963 45
16 97 -29
0 0 1 -1 0 0
0.985373 1.014113 1.039413 4.532243 14.847474 3.027883
1.188448 7.144257 4.809117 4.857664 0.921944 30
-76 90 22
0 0 -1 0 -1 0
0.980805 1.166744 0.939588 3.903806 12.537847 10.715276
0.824049 3.148841 4.758120 4.287165 0.805203 19
-68 -44 89
-1 0 0 0 0 -1
1.001186 0.860809 1.072019 4.099580 27.170159 5.120489
1.210154 3.040542 5.518207 3.775669 0.923258 22
-27 14 48
0 0 1 0 1 0
1.200882 0.857513 0.959999 3.507522 22.313554 3.451398
0.802486 6.764215 8.295414 3.373756 0.955765 24
-30 -60 -97
-1 0 0 0 -1 0
0.862456 1.018183 1.052496 4.168663 38.404269 2.074433
0.930594 3.720374 7.139355 3.957733 1.138893 37
-94 -75 -83
0 1 0 0 0 1
1.217680 0.915626 1.175208 4.406739 62.009138 3.208303
1.100265 4.518103 8.069278 1.715826 0.866705 37
41 -44 15
1 0 0 0 1 0
0.910756 0.992239 1.209109 3.136201 10.819363 6.674789
1.057901 4.294076 8.530609 2.599424 1.036793 1
8 98 55
1 0 0 0 1 0
1.008514 0.907332 1.212422 4.038397 55.187284 8.605819
0.846471 6.714898 8.259843 4.943183 1.134802 31
69 -46 10
0 -1 0 -1 0 0
0.786732 0.950824 1.186068 3.004466 22.965889 1.081972
0.933991 3.926050 6.717570 3.699643 1.143518 17
-56 -20 70
0 1 0 -1 0 0
1.164097 1.030733 0.907964 3.159528 33.244132 1.947023
1.045035 5.737348 5.631184 4.415244 0.957696 6
76 71 -7
0 0 1 1 0 0
1.150268 0.981355 1.080462 3.325294 12.846356 8.515101
1.015465 4.181879 7.056323 1.407728 1.207117 32
-66 43 -15
0 1 0 1 0 0
0.873852 1.153898 1.122597 4.357506 13.695774 4.545713
1.015057 5.440819 4.843073 4.161874 1.218695 43
-24 65 -67
0 0 1 0 -1 0
0.997003 0.951328 0.987938 3.769127 1.116274 7.398483
1.099662 6.832596 4.807346 2.640516 0.856408 4
10 -35 23
0 0 1 0 -1 0
1.012499 1.104846 1.203127 4.061233 41.148089 2.270144
0.835389 6.473685 3.548882 1.637159 0.895854 30
-97 -52 -80
0 1 0 -1 0 0
1.134027 0.962218 1.119945 3.078824 16.804220 3.849458
0.939988 5.485300 4.973165 2.093116 1.158992 16
-86 20 36
0 0 1 0 1 0
1.217610 1.154044 0.930222 3.057221 27.508632 8.214346
0.879645 3.162967 2.223354 2.160302 1.115469 31
71 -89 94
0 0 1 1 0 0
0.975615 0.857281 0.887779 4.670743 56.721955 5.988533
1.176971 3.490172 5.271929 4.479163 0.991741 43
-11 96 46
0 0 -1 -1 0 0
1.136097 1.063119 1.145859 4.509626 9.272846 6.680423
0.925162 5.049254 6.540728 1.606866 0.811434 14
-13 72 84
0 1 0 -1 0 0
1.211871 1.004043 1.001512 3.429358 5.302724 8.863565
1.220008 6.941694 7.865494 3.641124 1.189651 37
49 -85 -93
0 0 -1 0 1 0
1.106399 0.906642 1.220130 4.616120 24.368620 6.223668
0.865863 5.580749 7.858635 2.215343 1.059599 39
8 -73 23
-1 0 0 0 0 1
0.788295 0.931791 1.196854 3.415241 50.309528 8.670957
0.821077 5.499315 7.194306 1.429145 1.197567 10
-35 68 32
-1 0 0 0 0 1
0.890893 0.821930 1.051514 3.814386 22.950612 8.586692
1.090132 7.195726 4.090417 1.376980 0.993163 9
-9 -44 -81
0 0 -1 0 1 0
0.888636 0.830609 1.166755 3.431323 49.868836 6.743944
0.832220 7.516319 8.306432 2.057469 0.980498 44
-91 88 69
0 -1 0 -1 0 0
0.906011 1.036449 0.960727 3.037095 39.156074 2.721250
0.806831 3.286815 7.470276 2.962587 1.038515 24
41 43 -17
0 0 -1 0 1 0
0.901730 0.848325 1.005619 4.086844 6.407102 7.699858
0.906827 7.146104 5.098640 4.584189 1.161944 40
-48 -44 48
0 0 1 0 -1 0
0.806700 1.173822 0.935891 3.785448 3.532921 4.709356
1.084314 3.288955 2.836142 4.142990 1.027709 29
58 83 75
0 -1 0 0 0 1
1.191469 1.064521 1.076182 4.600542 52.321613 6.690898
1.185421 3.856357 2.950580 1.255481 0.825780 17
-5 -65 61
0 0 1 0 -1 0
1.130377 0.877565 0.808067 4.060566 54.845636 9.186501
0.935846 3.978995 3.398015 2.292298 0.824657 6
-46 8 -74
0 0 1 1 0 0
0.892692 0.842997 0.861108 4.627681 12.090739 7.581735
1.181312 6.498890 8.260919 4.953830 0.820889 8
17 -88 9
-1 0 0 0 0 1
0.999407 1.189709 0.790374 3.763088 50.100726 2.769043
0.839620 5.192690 7.527459 4.534733 1.205098 25
-56 61 -10
0 -1 0 1 0 0
1.140461 1.127711 0.862652 3.389079 52.933785 2.567567
0.838898 7.392129 8.445667 3.523190 1.046780 4
100 -2 -88
-1 0 0 0 1 0
0.885773 1.140445 0.877388 4.114543 19.901910 9.110191
1.049256 5.570113 7.386725 4.442218 0.989122 16
-93 -8 100
0 0 -1 0 1 0
1.205857 0.889926 0.976427 3.028624 50.414912 5.111632
0.857523 4.385602 6.758560 4.462890 1.084632 39
63 -56 -30
0 -1 0 1 0 0
0.951912 1.204053 1.082020 3.915193 9.248944 8.848177
0.830794 6.313622 4.050769 3.134149 0.936120 25
-97 -33 41
0 0 1 1 0 0
1.026802 1.022371 0.824596 4.670244 19.994332 1.760134
1.140598 4.291544 8.533062 2.828812 0.963674 24
-61 -3 -99
0 -1 0 0 0 1
0.793615 0.837654 1.152807 3.987745 36.850040 6.034810
0.826420 6.323681 6.633163 1.590174 0.937318 5
-90 -64 70
0 0 -1 0 -1 0
1.091651 1.147492 0.849024 4.425966 57.294810 4.261936
0.863849 6.752169 8.583192 4.103190 0.964018 11
3 27 86
-1 0 0 0 0 -1
1.179697 0.889301 0.898252 4.168545 61.109009 6.106376
0.905554 3.098169 2.725463 1.707027 1.192463 12
-4 93 -64
-1 0 0 0 0 -1
0.811653 1.168828 0.926731 4.345838 19.688353 2.524222
1.141813 5.481264 7.330674 4.827027 0.872064 12
39 -56 33
1 0 0 0 1 0
1.159191 1.111942 0.822542 4.159362 13.917907 1.659560
0.818935 3.631382 7.957569 3.726341 0.876732 20
39 49 -91
0 1 0 1 0 0
0.857462 0.997363 0.919478 3.595408 20.776180 10.094757
0.960952 3.784586 4.051565 1.076726 1.138906 14
-45 93 34
0 1 0 0 0 -1
0.908514 0.803834 0.840187 3.887188 9.170539 7.799110
1.063918 7.292113 3.800280 4.123458 0.973825 34
74 -99 -57
1 0 0 0 0 1
0.891330 1.133801 1.140699 3.684613 3.885086 6.587398
1.019051 7.920642 3.291332 1.693967 1.152969 28
10 -55 78
0 -1 0 0 0 -1
0.988950 1.015338 0.864652 4.655110 5.537010 5.792915
0.804338 3.401129 6.019306 2.186719 1.087998 23
-80 16 -71
0 1 0 1 0 0
0.858247 0.839706 0.790065 4.586567 23.786708 1.838891
0.848646 3.304630 7.507790 1.829474 0.912138 15
92 1 -48
0 1 0 0 0 1
1.046483 1.036673 0.855910 3.772552 10.071409 4.137766
0.907445 3.770142 3.914832 2.425552 0.911207 2
-5 5 31
0 0 1 -1 0 0
1.028775 1.002995 1.184238 4.703696 31.850401 7.406932
0.970671 4.162453 7.164704 3.515622 1.002072 20
63 14 79
1 0 0 0 1 0
0.993192 0.897305 0.843182 4.316771 11.102784 7.876176
0.813882 5.367062 2.884811 1.537480 0.828106 42
45 80 -59
-1 0 0 0 0 -1
0.916333 1.090789 1.131298 4.551668 7.967155 4.985011
0.936328 7.582556 4.107703 1.524255 0.807276 2
-55 -74 -37
0 0 1 -1 0 0
0.806259 1.137169 1.081680 3.240522 54.194052 4.463462
0.842798 6.631719 1.588381 2.361789 1.152246 5
23 -28 -25
1 0 0 0 0 1
1.163473 0.949961 1.053475 4.487598 12.493073 7.704892
0.925859 6.673529 3.414211 3.443167 1.125837 7
23 -27 -46
-1 0 0 0 0 1
1.057480 0.925479 0.846983 4.028570 42.441004 9.289230
0.990693 7.821384 4.758224 3.920576 1.173090 33
-19 32 -91
0 0 1 -1 0 0
0.887934 0.869297 1.129504 4.308803 17.581828 3.753747
1.181816 4.392048 7.510960 1.759308 1.006825 27
-86 99 79
0 0 -1 0 -1 0
1.014827 0.975584 1.077062 3.363582 29.889010 2.619101
0.844669 4.295248 4.647389 3.236550 0.799250 34
-25 94 60
0 1 0 0 0 1
0.945362 0.979474 0.973455 3.311487 51.719100 1.721899
0.865191 3.245540 7.923348 3.162386 0.852391 46
-18 -55 -16
0 0 -1 1 0 0
1.074450 1.205029 0.816304 3.738506 6.797723 6.034623
1.211930 6.516960 7.775636 3.366523 0.819835 9
-36 -5 -85
0 -1 0 -1 0 0
1.206976 0.874219 0.787025 3.841601 20.731956 4.592098
1.013426 7.712827 4.045390 1.939216 0.986437 16
80 -95 -41
-1 0 0 0 -1 0
0.887023 0.811382 0.874271 3.731653 21.595950 1.023565
0.853252 5.106420 7.312608 2.503279 1.182272 31
-33 54 66
-1 0 0 0 0 -1
0.865994 0.919260 0.934535 3.897205 29.513397 5.975204
0.966932 8.051984 7.507974 2.898279 1.088202 12
-90 -25 -63
0 -1 0 0 0 -1
1.191241 0.805145 0.841776 3.793398 43.305031 8.272378
1.107385 6.680833 8.159107 2.916845 1.063949 40
-23 49 -26
0 -1 0 -1 0 0
1.192859 0.821861 1.086456 3.510987 39.875804 4.161741
1.032976 4.064151 4.609579 2.284035 0.979505 10
60 -52 42
0 -1 0 0 0 -1
1.198558 0.927345 1.030473 3.160832 28.791106 4.596607
0.789052 7.375430 5.813826 1.894747 1.198101 17
-32 80 93
0 -1 0 0 0 1
1.172395 1.046437 1.069170 3.291526 47.357688 3.269534
1.184063 5.622604 8.231709 3.460356 1.026111 26
-37 57 84
-1 0 0 0 -1 0
0.977309 1.139004 1.153478 3.589678 8.704809 3.499067
0.858811 6.793870 6.772945 1.150793 1.091809 34
-90 90 77
0 0 -1 0 1 0
1.002075 0.916392 0.992536 3.180144 6.624454 1.077586
1.194286 4.303480 3.331104 4.390733 1.043083 36
87 -44 90
0 1 0 0 0 -1
0.845469 1.156568 1.115238 3.849105 37.762988 4.303647
1.154070 4.889278 2.847594 3.866165 0.909713 41
-74 -90 -80
0 0 -1 0 1 0
0.804401 0.888387 0.847710 4.349106 20.351442 9.953234
1.187002 4.262201 5.096341 3.726682 1.140210 37
-28 -64 26
1 0 0 0 -1 0
0.992929 1.062926 0.856966 4.061576 9.003361 2.055811
1.005563 3.239726 2.037803 4.542224 0.812002 16
42 -94 46
0 0 1 1 0 0
0.865658 1.208347 0.988614 3.582172 1.053979 9.628305
1.041754 4.529458 3.615591 4.914558 1.188341 13
-60 -51 -82
0 0 -1 1 0 0
1.206959 0.892691 0.890071 4.463431 61.104450 2.552841
0.985277 7.681683 7.798002 4.429889 1.020428 27
21 16 -9
-1 0 0 0 0 1
1.024006 0.843657 0.963339 4.317155 63.762863 9.571941
0.788780 3.562702 7.531643 4.815286 0.821206 3
87 -18 46
0 -1 0 1 0 0
0.966607 1.087524 1.061878 4.406247 11.146712 1.445500
1.054622 5.207201 3.964958 4.819954 1.159626 23
-93 42 97
0 1 0 1 0 0
0.994409 1.214799 1.047915 4.592392 1.942758 3.164469
1.054478 5.314447 3.571567 1.612185 1.104666 4
-74 -74 -23
1 0 0 0 -1 0
1.113688 1.056842 1.101182 4.406450 8.173005 10.456099
0.968867 5.197290 7.712494 2.479241 0.970640 5
-57 -95 -13
1 0 0 0 -1 0
1.218894 1.052207 0.947459 4.214532 46.254940 4.688058
1.024620 5.105715 1.070525 2.643844 0.792935 41
-20 -75 37
0 0 -1 0 1 0
1.030935 1.021452 1.012726 3.563913 26.803852 5.292173
0.793021 4.066280 5.102298 3.044644 0.810983 2
-52 40 -59
1 0 0 0 0 -1
1.040830 0.954299 1.196479 4.698562 49.826705 8.578508
0.878750 6.447694 7.054582 2.349412 1.094551 23
33 -43 -51
0 0 -1 0 1 0
1.040089 1.008900 1.181569 3.451604 18.761597 4.556805
1.110042 6.196601 8.439740 1.096604 0.912276 29
-95 66 -73
0 0 1 0 -1 0
0.882543 1.176182 0.828797 3.250548 15.303232 2.095042
0.908583 7.308557 4.261604 2.198827 1.123242 40
-32 12 -12
1 0 0 0 0 1
0.817948 0.801885 1.105065 3.349020 14.692995 1.315606
0.828799 3.299745 2.970234 2.638031 0.922792 5
56 47 -88
1 0 0 0 -1 0
1.070982 1.067920 0.837577 3.528109 19.288437 3.313871
0.969425 6.876258 3.941383 4.028499 1.163088 38
-79 -66 18
0 -1 0 0 0 1
1.206628 0.989810 0.997622 3.438118 42.430573 7.182439
1.126218 7.094796 2.043386 3.255640 0.974346 1
85 -78 -89
0 0 1 -1 0 0
0.851970 0.893665 0.975682 4.718958 62.537142 1.960688
0.806193 7.305767 4.601804 2.224033 1.164218 32
-50 72 -73
1 0 0 0 -1 0
0.850500 0.801824 1.145930 4.003204 56.992682 6.831942
0.843512 3.944580 7.526755 1.526689 0.851228 39
36 53 -97
0 1 0 -1 0 0
1.105827 0.961062 1.199459 4.189484 7.416767 4.659673
0.987641 4.711283 4.355296 1.970965 1.119143 7
49 79 100
0 0 1 1 0 0
1.169088 0.903304 1.117635 3.772512 46.346329 4.603200
0.978481 6.448153 7.335828 3.929634 1.151571 31
-17 -42 100
0 -1 0 0 0 -1
0.965680 1.060603 1.207847 4.374964 31.806314 5.962383
1.217852 3.172928 7.547706 3.158085 0.851228 14
-9 72 -46
1 0 0 0 0 1
0.893626 0.818058 0.860262 3.318399 31.930173 6.606888
0.959206 5.825433 6.669129 2.296182 0.984787 1
97 45 14
0 0 -1 1 0 0
1.030600 0.848389 1.077610 4.146947 28.744452 8.228948
0.901396 4.368828 5.633557 4.637972 0.813403 16
100 77 64
0 0 1 -1 0 0
1.146328 1.039490 1.105072 4.371647 43.264170 5.013637
0.894624 6.121699 5.532988 4.537074 1.138170 22
-62 14 8
1 0 0 0 1 0
0.925881 1.031809 1.029336 3.479401 48.290135 8.936052
0.902569 4.000823 1.099510 1.035351 1.115503 37
-5 -88 -81
1 0 0 0 1 0
1.187610 1.098156 1.203140 3.436970 36.340835 9.897740
1.085580 7.048717 1.040155 1.237554 0.836159 44
5 -42 -34
0 -1 0 1 0 0
0.918270 0.789133 0.820298 3.030510 54.008026 4.208823
0.972832 4.900878 7.797861 3.197142 1.070038 28
-85 -89 -49
0 -1 0 0 0 -1
0.872315 1.173265 1.036202 3.066510 56.647548 3.046470
0.923956 6.747850 4.742213 4.626334 0.789974 32
6 -83 0
0 1 0 0 0 1
0.830486 0.837268 1.183672 4.586234 20.045951 9.041939
1.056809 7.331705 3.042472 4.858936 1.004336 13
80 11 1
0 0 1 1 0 0
0.837561 1.051925 1.045117 3.492045 3.597100 2.690371
0.923473 3.749230 4.633241 2.236209 1.212760 14
