0 3 0
3 1 3
183 1 183
185 1 185
7 0 0
1 1 166
76 1 76
106 1 106
153 1 153
172 1 172
180 1 49
199 1 87
2 0 0
157 1 157
175 1 175
2 1 0
141 1 141
162 1 162
51 1 124
0 0 0
2 0 0
34 1 199
45 1 104
1 0 0
37 1 184
3 1 0
63 1 124
122 1 69
167 2 2 167
192 1 192
0 0 0
3 1 0
16 1 16
49 1 110
156 1 100
138 1 71
1 0 0
116 1 68
3 0 0
26 1 163
168 1 6
188 1 31
1 1 0
151 1 17
47 1 126
1 1 0
159 1 159
17 1 17
2 1 0
93 1 93
193 1 28
130 1 130
1 0 0
121 2 30 121
0 0 0
1 0 0
62 1 134
1 0 0
108 1 100
2 0 0
142 1 33
179 1 25
1 0 0
145 1 145
2 0 0
102 1 71
165 1 89
0 0 0
0 0 0
0 0 0
0 0 0
1 0 0
126 1 72
0 0 0
1 0 0
181 1 25
0 0 0
1 0 0
131 1 47
2 0 0
103 1 6
107 1 50
0 0 0
0 0 0
0 1 0
61 1 132
0 1 0
73 1 73
1 1 0
146 1 30
52 1 52
0 0 0
0 0 0
0 0 0
0 0 0
0 0 0
0 1 0
139 1 25
0 0 0
0 0 0
2 1 0
65 1 147
152 1 42
119 1 13
1 0 0
118 1 7
0 0 0
0 0 0
0 0 0
0 1 0
189 1 9
0 0 0
0 0 0
0 0 0
0 0 0
0 0 0
2 0 0
127 1 90
158 1 6
0 1 0
95 1 95
2 1 0
39 1 161
112 1 72
163 1 25
0 0 0
1 0 0
170 1 10
0 0 0
1 0 0
64 1 117
0 0 0
2 0 0
83 1 83
171 1 15
0 0 0
0 3 0
6 1 158
96 1 96
133 1 21
0 0 0
0 0 0
0 0 0
0 1 0
105 1 105
2 0 0
48 1 123
100 1 134
0 0 0
0 0 0
0 0 0
0 0 0
0 0 0
1 0 0
87 1 191
0 1 0
4 1 4
0 0 0
1 0 0
190 1 2
0 1 0
178 1 21
1 0 0
84 1 160
0 0 0
0 0 0
1 1 0
195 1 195
187 1 80
1 0 0
111 1 111
1 0 0
82 1 182
1 0 0
94 1 155
0 0 0
0 0 0
1 0 0
91 1 123
0 0 0
1 2 0
129 1 68
14 1 148
31 1 31
1 0 0
148 1 14
0 0 0
0 0 0
0 0 0
0 0 0
0 0 0
