100 100
35 -60 12
0 -1 0 1 0 0
1.123689 1.308540 1.124442 4.848849 6.648416 4.576067
1.343590 5.239620 7.487918 2.874101 1.024526 33
-13 52 -50
-1 0 0 0 -1 0
0.830177 1.374104 1.039759 4.544379 10.299444 16.984492
1.334458 8.047533 5.200828 1.674050 1.097351 4
94 -1 -61
0 1 0 1 0 0
1.094916 1.149201 1.123302 3.879565 8.728577 9.320820
1.343946 3.455008 5.104996 1.440092 1.213688 13
7 -1 30
-1 0 0 0 0 -1
1.163229 1.177259 1.293418 5.214914 4.305470 5.445256
0.863534 5.263860 3.305462 2.754057 0.853808 5
-80 -10 72
0 1 0 1 0 0
0.857273 1.121013 1.148821 4.943000 12.318464 11.458345
0.896919 6.056678 2.830904 2.694410 1.251185 41
99 61 79
1 0 0 0 1 0
0.963404 1.364240 0.978204 5.375883 3.768463 23.862495
1.196073 7.978948 3.415689 1.608163 1.087199 29
-56 -78 -37
1 0 0 0 0 -1
0.957691 1.319669 1.338409 5.116672 3.546838 16.264638
1.281787 3.419410 6.496861 1.183108 1.352574 40
-58 84 -62
0 -1 0 0 0 -1
0.822705 1.064645 1.245367 3.707970 3.904367 19.799465
1.202025 4.522524 8.133109 2.772927 0.977593 7
80 10 -87
0 0 1 0 1 0
1.091717 1.146057 1.079932 4.798963 10.562064 18.969270
0.905120 7.736122 6.833268 1.205466 1.107118 13
69 97 3
-1 0 0 0 0 -1
0.881058 0.901514 1.182978 5.292926 3.837519 13.606803
1.051349 8.110613 6.023303 2.199490 1.093162 28
49 -33 39
1 0 0 0 0 -1
0.943291 1.339746 1.394089 5.401277 3.920441 10.718132
1.055054 3.512567 1.874855 2.848389 1.012690 24
-44 -99 -64
-1 0 0 0 1 0
1.269574 0.995194 1.027432 3.783669 5.944360 21.171474
0.964516 4.983073 2.993353 1.855546 0.851794 31
-14 -40 97
0 0 -1 0 -1 0
1.363931 1.037511 0.856419 3.829110 12.539443 1.250069
1.274281 7.285527 8.094737 1.093633 1.140332 22
-60 -50 -73
0 0 -1 1 0 0
0.965709 1.008467 0.891720 4.918803 5.470445 3.029054
1.197882 3.659724 6.352405 2.033384 0.803138 27
-16 -64 -81
0 0 1 -1 0 0
1.194017 0.841256 1.302174 3.862140 8.609821 20.516963
1.180014 6.765532 3.127464 2.563816 1.155783 38
-25 -9 67
-1 0 0 0 -1 0
0.907607 1.061786 1.102509 4.054926 4.642932 6.156455
0.904870 3.643047 6.376737 1.268832 0.857386 23
-99 -70 54
0 -1 0 0 0 1
0.958435 0.929452 1.353089 4.600592 13.093297 17.070455
1.083885 4.414060 5.399078 2.860666 1.129155 18
-7 -80 -85
-1 0 0 0 0 -1
1.257247 1.143475 1.117753 3.278804 1.761082 25.183627
1.298439 6.889703 3.677945 2.319391 1.323557 27
-18 72 58
-1 0 0 0 1 0
1.200504 1.367179 1.389895 4.544829 9.823644 17.190358
1.326081 4.438414 7.064993 2.562862 1.045373 10
22 -38 -68
0 1 0 -1 0 0
0.833522 1.172024 0.989334 4.526805 8.846752 10.750196
1.057672 5.220212 1.718091 2.290173 1.064859 27
-75 -33 10
0 -1 0 -1 0 0
1.178805 0.931264 1.233013 5.238416 9.921420 18.316067
0.953461 7.524325 2.261665 1.700750 1.253681 15
22 73 42
0 1 0 0 0 1
0.895040 0.841398 1.149508 5.396759 1.385550 20.219784
0.866884 6.796351 5.501931 1.228367 1.350378 16
89 76 -87
0 0 -1 0 -1 0
1.345541 0.975451 1.019231 3.998263 12.693156 14.052594
1.027158 7.230135 4.987284 2.293289 1.038886 12
-97 -5 -45
-1 0 0 0 0 -1
0.971502 1.037880 1.100877 4.042959 1.678559 11.518286
1.219016 6.466182 6.607579 1.234367 1.337500 40
-77 -21 31
1 0 0 0 0 -1
0.949898 1.091033 1.140443 5.329944 4.737509 13.249412
0.994831 7.887158 6.297248 1.074115 0.850605 41
81 -72 33
-1 0 0 0 -1 0
0.926840 1.047594 1.035274 4.379501 7.832970 12.800922
0.921733 8.019949 6.768079 2.256045 1.185139 10
34 -29 19
0 -1 0 0 0 -1
0.968508 0.923684 1.001244 4.625743 2.482035 22.489887
1.251784 6.352175 4.032999 2.276097 0.912558 1
31 -93 -67
0 0 -1 -1 0 0
1.202185 1.129322 0.858196 4.969125 4.141120 6.757521
1.289505 5.763193 6.486751 1.339268 1.261443 34
37 71 26
0 1 0 -1 0 0
1.349172 1.121385 1.061346 4.259076 3.953773 2.256349
1.331847 5.273872 1.212546 2.903433 1.349660 14
-93 -8 -94
0 1 0 0 0 -1
1.276179 1.110284 0.822042 3.298944 6.948905 7.467923
0.907055 7.642319 4.985009 2.905811 0.807489 29
-39 -53 -62
0 0 -1 1 0 0
1.188575 1.248131 0.962263 5.444771 5.446153 16.049460
0.828118 5.734257 7.002103 1.745593 0.947527 27
61 -33 46
0 0 -1 -1 0 0
1.319732 0.832501 1.365869 4.032779 6.129785 11.490840
1.267510 3.609379 1.293991 3.073579 1.234659 10
-58 -40 31
0 -1 0 1 0 0
1.035951 1.258250 1.095195 3.626144 6.364384 4.898675
1.188734 6.946746 2.693367 1.123132 1.118275 20
24 79 -11
0 -1 0 0 0 1
1.123989 1.214744 1.231678 3.186159 3.134321 1.835171
1.238907 5.750634 7.516206 1.559149 1.168719 40
-45 54 -53
0 0 1 0 1 0
1.095501 1.362951 1.207415 3.623091 5.978067 14.039798
0.883821 3.055730 5.901936 3.041984 1.278009 26
-16 -38 37
-1 0 0 0 -1 0
0.843989 1.178988 1.008539 4.090271 5.945100 12.952731
1.206168 3.695548 7.019656 2.581051 1.004375 9
87 0 96
0 0 1 -1 0 0
0.798725 0.900847 1.251311 3.990301 12.288975 20.578130
1.201253 8.084806 5.980757 1.699781 0.877031 7
-98 31 92
0 1 0 1 0 0
0.998296 1.128778 1.069473 3.843048 5.378267 18.497313
1.275668 3.289862 3.709294 2.497092 0.815136 22
71 -21 -4
1 0 0 0 0 1
0.956193 0.917767 0.896886 3.769974 3.037610 9.302511
1.078416 5.978632 2.935126 1.318072 0.932339 34
-29 32 -65
-1 0 0 0 0 -1
0.880667 0.876132 0.897576 3.099672 8.570234 15.084103
0.818261 4.825821 4.928659 2.580710 0.818051 9
-63 -83 77
-1 0 0 0 0 -1
1.096514 0.884443 0.787290 4.963761 7.224483 17.688998
1.099950 3.728414 4.778771 1.564688 1.195613 8
100 39 85
0 0 -1 0 1 0
0.872347 0.982590 0.863885 5.489559 6.772740 18.924644
1.208447 5.871073 7.552648 1.206967 1.238062 39
54 -73 -6
-1 0 0 0 0 1
1.308910 1.354704 1.231988 3.200740 12.851878 7.851158
1.370982 5.138315 7.266363 2.299562 0.996243 3
-86 45 7
0 1 0 1 0 0
1.278394 1.026475 0.974284 5.170305 3.443440 17.409557
0.786487 7.763781 4.412723 1.086985 1.016739 19
-6 65 92
1 0 0 0 1 0
1.229442 1.262490 1.307999 4.647793 3.991074 7.443339
1.162761 4.074394 1.763693 3.051900 0.885894 18
96 52 -40
0 1 0 -1 0 0
0.924345 0.972051 1.128318 3.932658 3.133103 3.792391
0.832021 5.034112 7.270120 1.822637 1.219681 36
44 -78 -13
0 0 -1 0 -1 0
1.330421 0.955100 1.041425 4.985420 12.295328 6.775230
1.067916 4.012623 3.406705 1.687844 0.941635 33
18 76 35
-1 0 0 0 0 1
1.325776 0.890502 0.833240 4.127318 10.846410 4.879228
1.258470 6.185361 3.569879 1.787820 1.162305 1
29 55 -8
-1 0 0 0 0 1
0.848148 1.128059 0.968950 3.001215 12.547503 21.270245
1.176980 7.795987 3.351440 2.475706 0.892019 33
-52 94 64
1 0 0 0 0 1
0.798585 1.040565 1.180725 4.598162 10.458314 21.318185
1.321154 5.849175 6.825059 1.320317 1.288815 27
-39 10 4
0 0 1 0 1 0
0.945301 1.307668 1.298054 5.268688 1.196712 19.570723
0.948807 7.636012 7.377756 3.094064 1.288524 18
39 29 -64
0 1 0 1 0 0
0.893819 1.012047 0.952609 5.229734 7.907749 12.940949
0.832755 7.246706 3.511465 1.211632 1.338078 13
-38 -96 -94
0 -1 0 -1 0 0
0.849772 1.000747 1.071257 4.332508 7.794909 12.014405
0.963959 6.697857 1.937511 1.194762 1.067843 20
50 71 -46
0 1 0 -1 0 0
1.228158 1.102834 0.790505 3.656938 7.706802 6.082626
1.146388 7.287260 8.049666 1.541777 0.929329 25
-19 -7 40
0 -1 0 0 0 -1
1.201192 0.896693 1.394180 3.503583 5.581920 22.949114
1.008532 6.055483 3.516277 2.356338 1.213441 16
48 -18 -47
-1 0 0 0 0 1
1.227798 1.017612 1.073374 5.377838 2.788169 9.096236
1.073095 4.951211 1.073477 1.596321 1.009649 15
77 -13 -71
0 0 -1 -1 0 0
1.108052 1.383572 1.322995 4.276467 3.645191 6.227359
0.809206 5.096224 2.023967 2.685104 0.815850 11
63 37 32
0 0 1 0 -1 0
1.038806 1.346181 1.055413 5.162558 11.747944 1.389908
1.149317 6.059532 6.295424 1.155249 0.809452 30
-44 -21 -61
0 0 1 1 0 0
0.863138 0.858269 1.176818 5.390135 12.434172 21.039920
0.923875 5.124377 2.811434 1.906175 0.802713 34
50 30 2
0 0 -1 1 0 0
0.937530 0.867630 1.232719 4.569234 3.640097 14.148832
1.062033 4.168607 4.906845 2.531403 1.357287 40
60 -62 -20
0 -1 0 0 0 -1
1.189563 1.022091 1.378197 4.885383 10.512583 15.122550
0.911383 3.988735 7.548033 1.973336 1.245667 24
-84 47 94
-1 0 0 0 1 0
1.281643 1.139377 1.092314 3.624492 2.394290 2.488742
1.129562 5.579085 7.100511 1.025134 0.830558 38
-44 32 22
0 -1 0 0 0 1
1.232607 1.048953 1.229051 3.146750 11.502607 16.489410
1.366414 3.893888 7.576543 1.181792 0.861410 1
-9 -18 90
0 0 -1 -1 0 0
1.103224 1.353972 1.380367 4.105889 12.327616 21.823964
1.107647 7.545000 3.325855 3.023359 1.209281 10
47 -51 39
0 1 0 1 0 0
1.057334 1.061188 1.008612 5.302736 9.911440 10.608152
1.371897 7.785308 3.823864 1.963151 1.091376 7
-90 97 16
0 -1 0 0 0 1
1.066320 0.885855 1.325561 3.664181 1.659795 17.625944
1.105102 3.537240 1.845077 2.675900 1.345845 38
34 42 -10
0 0 1 0 -1 0
1.179404 1.220408 1.344337 5.288009 10.229316 1.791728
1.258066 6.398800 5.784036 3.057443 1.374274 2
-49 -70 -56
0 1 0 1 0 0
1.267320 1.001477 1.287449 3.274585 10.612330 21.235646
1.338846 6.602830 1.589475 2.465708 1.176134 13
8 -42 -51
0 0 -1 0 -1 0
1.217810 1.123044 0.877586 4.234008 12.266244 12.041672
0.901348 5.990603 6.274261 2.114605 1.256626 25
-82 26 54
-1 0 0 0 0 -1
1.278916 0.923368 0.882517 4.435311 6.008233 5.366470
0.877855 7.487692 4.860145 3.121263 0.959207 6
-76 -65 -33
0 -1 0 0 0 1
1.133044 0.886022 0.884160 3.967006 11.601837 24.307205
0.818126 7.580889 2.557342 1.025686 0.995478 13
41 -74 -12
0 1 0 0 0 1
1.042352 1.318528 1.215710 4.317838 9.848667 24.131801
1.142469 6.530767 8.491998 1.796731 1.094732 31
98 -15 -73
0 0 -1 0 -1 0
1.036381 1.017304 1.082512 3.005899 11.564301 7.892432
1.046761 5.326537 2.536591 2.532382 0.908708 34
-77 -83 39
-1 0 0 0 -1 0
1.051650 1.377528 1.051953 4.859136 1.131004 9.421525
0.798547 5.034238 4.573213 2.172682 0.827066 32
-52 -66 55
-1 0 0 0 1 0
1.051532 1.265944 1.123473 3.109564 11.592749 12.759045
0.800398 4.363534 3.469509 2.292037 0.917972 32
-74 74 2
0 -1 0 1 0 0
1.256146 1.096987 0.845215 5.243922 7.862028 18.969120
1.023942 3.562386 1.469126 2.984520 0.907900 36
30 -20 31
0 -1 0 0 0 1
0.797193 0.950588 1.367226 4.068619 12.048182 23.309315
0.787277 6.019389 2.823790 3.085417 0.867781 1
-6 -40 84
0 0 -1 0 1 0
1.186087 1.250539 0.850671 3.576068 3.818599 11.561313
1.257015 4.528911 1.348691 1.670599 1.298322 13
-37 -36 -50
-1 0 0 0 0 -1
1.378900 1.201476 1.237388 4.271102 8.464695 11.141499
0.854688 6.375074 8.200594 1.442875 0.983822 1
83 73 -70
0 -1 0 0 0 -1
0.926266 1.081903 1.259193 3.882064 10.538495 1.732303
0.800343 7.077695 7.309629 2.204080 1.295773 29
9 -77 77
0 -1 0 -1 0 0
1.306272 1.256027 0.799694 5.000918 3.436754 7.588733
1.260097 5.902885 7.998403 1.263417 1.353613 2
-83 -59 -29
0 0 -1 -1 0 0
0.940576 1.119279 0.809573 4.280706 1.396917 1.728722
0.790740 4.045251 3.562056 1.776654 0.914474 6
-72 -3 91
1 0 0 0 -1 0
1.063605 1.056910 1.134768 4.986100 7.594259 4.486117
1.124712 6.461776 1.586187 2.571715 0.833372 17
-60 72 -84
0 -1 0 0 0 -1
0.917072 0.871041 1.102378 5.239399 5.967836 18.452383
0.807893 3.817221 8.466210 2.933181 1.379056 3
-7 -13 -94
1 0 0 0 0 -1
1.357615 0.830888 1.347280 3.361677 11.140517 18.003433
1.005049 4.453948 3.402109 2.069038 0.932920 32
-83 59 -63
0 0 1 1 0 0
1.010846 1.107871 0.853121 3.941960 6.200845 22.362589
0.908106 3.489407 2.682558 2.424583 1.061118 11
22 84 -21
0 0 1 0 -1 0
1.009596 1.291856 0.963380 3.790453 12.421048 19.537383
0.849962 7.957672 4.609264 2.759996 1.053740 27
76 -82 93
0 0 -1 0 1 0
0.944531 1.354113 1.189158 3.171264 9.722817 8.866348
0.920699 4.906810 3.162827 1.816918 0.875244 32
28 -10 -18
1 0 0 0 1 0
1.343505 1.126359 0.954664 3.456715 12.966158 19.485312
1.341036 6.313448 7.995467 2.584207 1.173151 3
57 -31 57
-1 0 0 0 -1 0
1.289134 0.924811 1.069827 3.831533 8.985225 13.646614
1.265023 7.200648 6.372894 3.059929 1.056029 25
-20 -80 -87
0 0 1 0 1 0
0.883551 0.964269 1.178034 3.454152 7.487039 14.101864
0.931523 7.968121 6.320252 1.311410 0.949503 13
-75 83 23
0 0 -1 0 -1 0
1.357815 0.821409 1.239840 4.564301 12.311270 19.025206
1.171994 5.017429 4.711711 1.585719 1.031223 14
43 99 -72
0 0 -1 0 -1 0
1.001858 1.007725 0.955640 3.580093 4.929583 21.031455
1.181641 4.137103 1.373824 3.104802 1.369065 31
-10 -47 30
1 0 0 0 0 -1
1.064457 0.956230 1.027495 5.224736 2.721193 15.310625
0.856174 3.709761 4.982666 1.688250 1.330032 11
-32 42 55
0 0 -1 1 0 0
1.100678 1.227693 1.312189 3.426985 4.873806 23.240601
1.003834 3.838275 3.237182 2.849046 0.854486 39
75 -89 -15
0 1 0 1 0 0
0.800997 1.107324 0.990014 4.212430 11.310860 8.493967
1.219329 3.122289 4.994661 1.378635 1.188806 38
-27 -47 23
0 -1 0 0 0 -1
1.139432 1.054869 1.160531 3.418107 12.581626 4.227234
1.352842 5.503994 7.273492 1.952662 0.953058 1
91 -57 95
0 0 1 0 -1 0
1.251270 1.316862 1.176741 5.357074 11.154509 9.266463
1.305317 5.798027 5.964612 1.517437 1.173602 28
69 -64 -54
-1 0 0 0 -1 0
1.044007 1.036662 0.860688 3.610912 10.305810 22.848832
1.203256 3.765562 8.079754 1.011258 1.095055 15
-32 14 34
0 1 0 -1 0 0
0.964486 1.064949 1.378489 3.540971 8.688435 21.505707
1.318903 8.065361 5.728792 2.530240 1.177637 23
-96 -10 -83
1 0 0 0 -1 0
1.348585 1.165820 1.106338 3.602325 3.252017 2.907382
0.859444 7.622690 1.781277 1.057154 0.859179 32
-91 -13 -7
0 -1 0 1 0 0
0.972483 0.861118 1.214817 5.472798 6.265063 6.330798
1.322016 5.119047 3.585419 1.677268 1.386203 23
19 -60 44
0 0 1 1 0 0
0.812969 0.832854 1.156814 3.708026 3.796314 22.740265
0.968675 5.355707 6.756618 1.538950 1.111163 6
46 67 86
-1 0 0 0 0 1
1.184981 0.899580 1.319552 4.659968 6.000664 19.513724
1.353860 7.298300 5.357159 1.370136 1.038374 18
95 19 -62
-1 0 0 0 1 0
1.025602 1.190429 0.979691 3.687895 6.297560 14.185179
0.807069 3.653083 6.597654 1.505369 1.109856 39
76 -8 76
-1 0 0 0 0 -1
0.946017 1.225344 0.791511 5.023229 6.339722 21.038376
0.890229 5.205900 1.293404 2.825246 1.335221 41
80 87 4
1 0 0 0 0 -1
0.813087 1.334296 1.137553 3.804409 6.107097 21.924404
0.864973 7.395788 8.441712 1.718964 0.983669 23
5 56 30
0 1 0 1 0 0
0.915924 1.370287 1.228118 4.360413 10.462740 1.198794
1.065445 4.175284 5.539362 2.292956 1.334255 38
-41 -28 46
-1 0 0 0 0 1
1.095679 1.376053 0.831264 5.311789 7.070079 2.469699
0.809737 6.627234 6.391754 1.434594 1.321279 2
23 45 8
1 0 0 0 0 -1
0.933889 1.280342 0.807237 3.729978 10.579873 25.598875
1.145243 5.220782 7.039228 2.948024 0.819195 22
-66 -75 91
0 -1 0 -1 0 0
1.255888 1.223588 1.135002 4.021854 3.749659 24.219683
0.804145 3.790369 3.038011 3.017080 0.878687 30
34 86 86
0 1 0 0 0 1
1.275414 1.350012 0.803007 4.211367 1.362025 22.994123
0.991510 7.044166 8.008051 1.546628 0.994417 7
-84 21 -5
1 0 0 0 0 -1
1.369340 1.258741 1.288652 3.802127 8.934957 25.403944
0.835644 4.803789 3.664943 2.502692 1.222591 16
-27 75 -90
0 0 1 1 0 0
1.096334 1.147767 1.051804 4.739935 3.440677 10.515706
1.105241 5.167309 6.676591 2.715667 0.980795 29
-66 48 -71
0 0 -1 1 0 0
0.788561 0.860313 0.944629 3.124472 12.273948 21.276250
1.301377 5.667710 5.660679 1.888135 1.381769 2
-34 16 -59
0 -1 0 0 0 -1
0.913876 1.391704 1.086768 3.334000 11.537770 7.007752
1.124802 7.032674 5.301623 1.429231 1.251186 17
-73 -13 89
-1 0 0 0 0 1
1.104895 1.380253 1.346293 5.074589 5.532522 6.634542
0.921363 7.653366 5.091516 2.375072 1.018791 34
61 -28 81
0 -1 0 0 0 1
1.201565 0.809218 1.361592 3.192029 11.070239 25.175187
0.895216 4.908419 6.980521 1.069730 0.928105 2
79 -41 -47
-1 0 0 0 0 1
0.916917 0.800537 0.865424 3.915690 1.805981 5.058376
0.797352 7.246677 1.412836 1.109694 1.103294 23
-40 -36 -72
0 1 0 0 0 1
0.842386 0.988157 0.807670 4.858112 11.893081 3.688311
0.803625 7.559808 8.064560 1.329885 0.891465 24
-87 38 -34
0 0 -1 1 0 0
0.941521 1.174517 1.075962 4.309721 8.093755 20.669405
1.361887 3.098243 1.189983 2.426151 1.302918 32
0 -42 -53
0 0 -1 -1 0 0
1.077322 0.853472 1.115221 3.478877 1.194550 12.993175
0.809879 3.395374 2.554388 2.068513 1.030791 39
-11 91 -68
0 1 0 0 0 1
1.113189 1.110463 0.950914 3.449311 12.672111 15.490465
0.975625 5.558647 4.102023 2.930568 0.947131 12
-45 4 48
0 0 -1 -1 0 0
0.957673 1.123313 1.030092 4.357727 11.501828 8.029546
1.369135 7.186913 5.595511 2.697901 1.111768 30
-7 99 -94
0 0 -1 0 1 0
0.979681 1.084401 0.824295 4.278774 2.687779 10.401772
0.821722 7.018797 7.338298 2.953022 1.022764 34
46 -64 4
-1 0 0 0 -1 0
1.028938 0.919856 0.832288 5.381729 6.284098 16.393970
1.118034 4.992399 5.260899 1.491597 1.249411 40
45 -71 82
-1 0 0 0 0 -1
1.157523 1.320659 1.337660 4.265178 11.246110 23.779373
1.255429 5.465773 6.886166 1.030625 1.048790 5
46 -6 46
0 0 -1 0 1 0
1.180123 0.853084 0.886107 3.612427 10.903968 16.403156
0.856856 3.384121 4.573982 1.502691 1.205323 27
28 -94 -46
0 1 0 0 0 -1
0.948756 1.134963 1.335382 3.071576 4.056737 8.644307
1.130997 5.144087 6.117506 2.333111 1.266098 41
62 27 29
0 0 -1 -1 0 0
1.156083 1.102432 1.004206 3.071816 6.175638 12.296052
0.950804 3.618802 5.560121 2.972149 1.210439 6
32 -92 -16
0 1 0 0 0 -1
0.789884 0.871349 1.103216 3.232529 8.249515 16.525385
1.193456 8.013819 3.420929 1.581775 0.818116 9
53 -92 -7
-1 0 0 0 0 -1
1.393027 1.249503 1.118084 5.035291 10.386696 6.014206
0.830581 3.170059 6.891980 1.762806 0.788994 31
9 -87 3
0 1 0 0 0 -1
1.107718 1.307989 1.292664 3.169543 10.679571 16.471166
0.959939 6.295995 2.565630 1.476480 1.170776 7
-83 48 26
0 0 1 0 1 0
1.264073 1.151485 0.897270 3.306035 11.859976 8.310373
1.201689 6.995792 3.610089 1.080403 0.970628 33
-19 86 -46
0 -1 0 1 0 0
0.886652 0.790079 1.213517 5.176841 2.417416 2.993369
1.173036 3.253267 5.448804 2.339942 0.914737 18
-30 68 -73
0 0 1 1 0 0
1.326725 0.833487 1.284570 4.999273 6.093037 25.011529
1.155155 5.282850 1.193500 1.006753 1.067820 29
2 44 -72
0 1 0 0 0 1
0.902399 1.005662 1.244357 4.598218 5.924957 2.321022
0.972181 4.831837 1.304007 3.106997 0.894346 32
-81 -70 -52
0 0 -1 1 0 0
1.095381 1.144993 0.978641 4.637482 5.419284 17.278863
1.109168 6.031605 2.616562 1.605871 1.152783 3
48 85 79
0 -1 0 -1 0 0
0.797570 0.902933 1.263435 3.568770 3.860395 16.227044
1.338120 4.335176 2.596809 2.157112 1.184308 15
-1 39 -37
0 0 -1 0 1 0
0.818521 1.040990 0.821947 5.419976 7.311228 23.280026
1.079079 6.214799 8.195064 3.111766 1.252316 4
20 4 49
0 1 0 1 0 0
1.221900 1.123477 1.300089 5.232513 6.469693 18.160312
1.118059 3.618555 3.523410 1.979852 1.024466 34
-58 -70 22
0 0 1 -1 0 0
0.948492 0.863790 1.012060 5.326460 2.645081 16.747432
1.360206 6.980877 2.598808 1.623044 0.815149 34
-92 -73 -82
1 0 0 0 0 -1
1.019397 1.193334 0.878279 5.204537 7.909615 2.027148
0.872544 5.056156 6.214630 2.812878 0.855670 4
72 -55 -34
0 0 -1 0 -1 0
1.277191 1.295306 1.332145 3.215807 8.650173 13.932227
0.838259 4.244383 6.910046 2.160175 1.263805 18
-79 82 67
0 0 1 1 0 0
1.037942 1.319453 0.799704 4.678717 10.929286 16.804311
1.191964 3.958307 3.161468 1.455637 1.317491 21
-96 95 -16
-1 0 0 0 0 1
1.093461 1.275919 0.836897 4.072745 2.163121 24.401824
0.847909 3.807264 7.387622 2.244114 1.321471 24
95 -69 -91
1 0 0 0 0 1
1.387336 1.160062 1.193828 4.765402 6.389875 5.995524
1.250651 5.881821 6.781549 1.721609 1.080021 27
-67 8 -79
0 0 -1 0 -1 0
1.136247 0.987945 1.184039 3.955926 5.858493 16.582096
1.366726 7.978692 2.388549 2.391656 1.161007 17
74 71 -90
0 1 0 0 0 1
1.118306 1.023362 0.951738 3.022457 5.730174 25.168483
1.314845 5.361711 1.085350 1.124693 0.933571 13
26 48 -41
1 0 0 0 0 1
1.165052 1.337039 1.208191 5.468192 7.915480 13.144803
0.793253 6.769181 7.517073 1.512322 1.124998 1
-72 -72 86
-1 0 0 0 0 -1
1.233063 1.266675 1.010587 3.456191 8.024414 18.557926
0.790473 3.690187 5.051247 1.846727 1.194914 28
100 33 -18
0 0 -1 -1 0 0
0.930981 0.845596 1.225364 3.974444 7.444319 17.072717
0.858236 4.052310 1.840144 2.055558 0.937091 18
-54 -47 88
0 0 -1 1 0 0
1.237195 1.267319 1.062257 3.622207 5.428417 22.613915
0.849127 6.408062 2.710870 3.104140 1.316753 10
-77 53 -45
0 0 1 1 0 0
1.388957 1.203440 0.926876 5.240419 1.874087 21.510673
1.257442 6.686374 4.711352 1.730061 0.914518 13
79 -57 -60
1 0 0 0 0 1
1.259583 1.011566 0.799701 4.124560 11.690193 19.387031
1.392789 6.271557 7.273632 2.429202 0.810977 30
-20 53 26
0 0 1 -1 0 0
1.079520 1.003695 0.847854 3.745712 8.659862 12.462375
0.813558 6.557961 1.902434 3.092600 0.817691 13
-10 80 -34
0 0 -1 0 -1 0
0.963527 1.150182 1.382022 5.304206 11.313630 23.106093
1.097316 4.596016 1.547726 2.549728 1.095947 10
54 98 82
1 0 0 0 1 0
0.870151 1.082066 1.384686 4.626804 7.510254 25.364613
1.299146 6.451259 7.121205 2.338555 0.905890 24
-29 31 -93
0 0 -1 0 -1 0
1.330704 0.829932 1.159733 5.195969 12.146256 10.333864
1.002334 3.082985 8.168752 2.247929 0.902764 34
-58 24 -42
0 -1 0 0 0 1
1.109168 0.886222 0.931833 3.782068 3.465795 18.136699
1.079900 7.632608 5.217122 2.066470 1.278092 33
10 63 86
1 0 0 0 -1 0
0.920344 1.051906 1.057188 3.157035 2.659429 13.486253
1.387213 6.857663 7.018614 2.840346 1.307134 35
77 90 69
-1 0 0 0 0 1
1.378220 1.373583 0.848335 5.217228 4.560008 12.239086
1.102559 4.143436 3.226365 3.080531 1.227906 18
88 -61 13
0 0 1 0 -1 0
0.917466 1.140692 0.896938 3.807969 12.879511 19.768875
1.330714 6.703055 2.418069 1.914006 0.812453 32
62 -61 -67
0 1 0 -1 0 0
1.373326 0.799241 1.046130 3.558900 4.186298 2.364192
0.899739 7.502532 3.237132 2.532388 1.085495 8
88 14 1
0 -1 0 0 0 1
0.943902 1.255373 1.017612 4.915758 11.320504 19.028327
0.968046 5.430629 7.083166 2.386977 0.975858 33
33 -58 13
0 0 -1 -1 0 0
1.044840 1.299343 1.239172 4.147523 2.473511 10.261402
1.035497 7.961508 2.454936 1.484760 1.053984 32
-43 65 -49
0 -1 0 1 0 0
1.123986 0.806444 1.225846 4.785589 12.247278 22.731924
1.297525 3.621059 2.564886 1.834594 1.099814 35
83 -11 79
0 1 0 0 0 1
1.236988 1.269180 0.864891 3.551782 11.920138 7.241520
1.284952 7.877099 3.610742 1.470685 0.900792 33
13 13 3
1 0 0 0 0 -1
1.167650 0.990944 1.308329 4.959038 12.256440 14.438276
1.234917 6.752506 1.216285 1.927925 0.939778 11
2 23 -84
0 1 0 1 0 0
1.130637 1.254470 1.044988 3.887290 2.526059 6.616543
1.079180 6.208470 3.844941 2.478915 0.960163 25
-58 22 13
0 0 1 0 -1 0
0.861016 1.167324 0.915242 3.366879 10.858608 23.925378
1.090152 3.793137 6.134962 1.805747 1.367977 21
-89 -14 54
0 0 1 0 1 0
1.186933 0.849117 0.793963 3.378376 10.790525 16.679090
1.183762 5.465231 1.697526 2.691252 1.390826 27
-68 -3 3
1 0 0 0 0 1
0.988648 1.249998 1.021218 4.528484 3.238399 21.918892
1.123356 7.116056 4.764362 2.771268 1.235266 14
42 -12 90
0 1 0 -1 0 0
1.024415 1.095679 1.268576 3.759912 12.709317 8.704521
0.967542 5.804780 7.248717 1.584381 0.821560 15
-5 -82 -17
0 0 -1 -1 0 0
1.257522 1.389144 1.021975 4.072307 2.263231 7.115419
1.063918 3.079064 7.580221 1.581846 1.342939 39
66 -59 -16
0 1 0 -1 0 0
1.104791 1.372555 1.283906 3.034932 7.305306 24.007669
1.277151 4.964311 2.183995 2.382982 0.970032 20
-4 -78 -12
1 0 0 0 -1 0
0.948780 1.346950 0.888703 4.046168 11.221325 2.113216
0.952003 7.127020 6.675125 1.632705 1.319312 23
43 -4 82
0 1 0 0 0 -1
1.068576 0.855183 0.933612 3.313604 9.661776 1.025846
1.385966 5.309570 5.975017 1.254456 1.174323 32
-14 -33 66
0 1 0 1 0 0
1.059784 1.085540 1.176070 3.594807 7.520584 15.802134
1.131742 4.112360 4.873855 2.123241 0.836380 2
27 62 -12
0 -1 0 0 0 1
0.947270 1.134996 1.014564 3.363651 2.594760 5.700570
0.846670 3.256971 4.519944 1.660254 1.353798 24
12 -89 64
0 1 0 -1 0 0
0.787682 1.204521 1.012581 3.458984 4.712042 5.026321
1.049738 7.236951 2.307209 1.210192 0.833597 14
-27 -47 -24
-1 0 0 0 -1 0
1.311314 0.979652 0.920914 4.462174 7.447630 8.230336
1.214639 7.247230 3.030182 2.678997 1.126073 30
26 -35 74
0 0 -1 -1 0 0
0.898385 1.058996 1.075587 5.424086 4.453126 15.393006
0.818618 6.014129 3.867606 2.488592 1.178086 15
35 4 95
1 0 0 0 1 0
0.890627 1.099834 0.819916 4.943678 9.466432 24.096058
1.140937 7.769078 2.398848 1.602724 1.100605 11
-60 90 87
0 -1 0 0 0 1
1.155219 1.136503 1.010006 3.218209 6.411224 20.744381
0.843682 4.247678 1.743118 1.528989 0.852711 14
-4 -5 -68
0 0 1 -1 0 0
1.231724 1.240607 0.967749 3.637868 2.192644 15.432121
0.972698 4.168548 2.639657 2.381180 0.887873 22
42 -19 -100
0 -1 0 -1 0 0
1.121174 1.394841 1.336725 4.809874 3.300386 3.663086
1.251165 5.686955 6.454143 2.851029 1.272798 7
-24 -53 -69
0 0 1 0 -1 0
1.054529 1.204308 1.058164 3.156651 4.737294 6.378200
0.947458 5.574081 2.775449 2.261291 1.025440 33
72 8 99
0 0 -1 0 -1 0
1.259718 1.236306 1.302176 5.194530 7.597933 17.343079
1.381917 5.269960 5.203349 1.541656 0.810162 33
95 93 -41
-1 0 0 0 -1 0
1.152405 1.065079 1.062864 4.808905 4.914843 24.476279
0.947370 8.049587 2.904910 1.551824 1.396015 31
-45 23 94
-1 0 0 0 1 0
1.220064 0.982071 0.816902 4.938751 1.758260 4.139435
1.159569 5.764049 1.826155 1.392383 1.148953 15
-77 30 -85
0 -1 0 1 0 0
0.835393 1.076486 1.321129 3.368137 11.729394 2.016981
1.390414 3.447074 4.253928 1.476990 1.261686 38
54 -91 -61
0 0 -1 0 -1 0
1.285700 0.792086 1.315213 4.144218 3.201560 5.670582
1.123042 4.973736 5.719280 2.353589 0.874442 2
-57 -41 14
-1 0 0 0 0 -1
1.033595 1.080334 0.940997 5.139429 1.126585 5.917669
1.214808 4.655491 7.521711 1.772140 1.255108 14
-11 99 -72
0 1 0 1 0 0
0.861631 0.895578 0.961599 5.474870 1.987885 22.723481
1.270064 4.328812 1.055835 2.055167 1.136461 27
-6 1 -4
1 0 0 0 0 1
1.310999 0.894499 1.050493 4.274993 4.801838 21.339816
1.316323 7.364252 6.835006 1.485118 1.227658 10
-62 100 -10
0 1 0 -1 0 0
0.996585 1.152024 0.805746 4.380281 8.123585 6.032197
1.013079 5.451699 1.169331 1.433756 0.940240 10
2 48 41
0 0 1 1 0 0
1.300362 0.939827 1.295096 3.817602 5.064338 3.317318
1.082357 5.840918 6.001001 2.042298 1.025017 7
25 91 -18
0 0 1 0 -1 0
0.839998 1.200306 0.989157 4.792475 5.364899 25.019525
1.057443 7.227573 7.447778 2.791797 1.132774 28
-37 68 -32
0 0 -1 0 -1 0
1.237068 1.390715 1.227955 3.018441 8.960471 8.849779
0.975005 5.140036 7.486980 1.240100 0.829750 4
