1 3 0
144 1 20
30 1 30
142 1 142
181 1 181
2 1 0
32 1 32
154 1 154
116 1 116
2 0 0
5 1 5
43 1 180
0 1 0
175 1 68
1 0 0
163 1 81
2 0 0
3 1 3
138 1 138
0 2 0
55 1 55
87 1 192
1 1 0
98 1 101
17 1 194
0 0 0
0 0 0
0 1 0
160 1 57
2 0 0
113 1 107
149 1 37
1 0 0
125 1 125
0 0 0
0 1 0
77 1 77
0 0 0
2 0 0
70 1 129
129 1 70
1 1 0
192 1 57
110 1 110
0 0 0
0 0 0
0 0 0
1 0 0
95 1 150
0 0 0
0 0 0
0 0 0
1 0 0
31 1 121
0 0 0
0 0 0
0 0 0
0 2 0
59 1 59
107 1 9
2 1 0
94 1 94
190 1 93
103 1 103
0 0 0
1 0 0
200 1 84
0 0 0
0 0 0
0 0 0
0 0 0
0 0 0
1 0 0
114 1 93
0 0 0
0 0 0
0 0 0
0 0 0
0 0 0
1 0 0
29 1 172
0 0 0
0 0 0
0 0 0
0 1 0
35 1 35
0 0 0
0 0 0
0 0 0
0 0 0
1 0 0
15 1 135
0 0 0
0 0 0
1 0 0
122 1 48
1 0 0
6 1 151
0 0 0
0 0 0
1 0 0
27 1 121
0 0 0
1 0 0
49 1 49
0 0 0
1 0 0
112 1 19
1 0 0
12 1 167
0 0 0
0 0 0
1 0 0
78 1 119
0 0 0
0 0 0
0 0 0
0 0 0
1 0 0
53 1 180
0 0 0
0 0 0
0 0 0
0 0 0
1 0 0
156 1 19
0 1 0
100 1 167
1 1 0
197 1 74
26 1 26
0 0 0
0 0 0
0 0 0
1 0 0
1 1 1
0 0 0
0 0 0
0 0 0
0 1 0
168 1 13
0 0 0
0 0 0
0 0 0
0 0 0
0 0 0
0 1 0
24 1 24
0 0 0
0 0 0
0 0 0
0 0 0
0 0 0
