100 100
-29 -95 -14
0 -1 0 -1 0 0
1.001832 0.797347 0.839160 3.263417 5.007943 12.880288
0.880343 3.268405 1.382235 2.213704 0.979895 8
-9 -16 -69
0 -1 0 1 0 0
1.054078 1.135475 0.879903 4.220263 2.581276 11.916281
0.790186 5.924413 6.388691 1.457087 0.971165 5
85 16 63
0 0 -1 1 0 0
1.028053 0.841247 1.144992 3.861698 17.288473 8.472278
0.908371 6.045043 1.290260 2.406017 1.072208 3
76 -1 -15
0 -1 0 1 0 0
1.077112 0.943410 1.121254 3.527032 15.469614 7.995183
1.010046 6.473146 1.803283 1.867912 1.094516 5
-11 -37 -41
1 0 0 0 0 -1
1.072008 0.799347 0.847027 3.108781 18.551437 8.084054
1.120244 3.046480 1.478131 2.940826 0.904326 11
-95 -79 50
0 0 -1 0 1 0
1.002412 0.816214 0.939641 3.922440 9.891306 4.902743
1.150673 5.365511 7.557785 1.748171 0.844003 11
71 5 -64
0 1 0 0 0 1
0.820968 1.121596 1.150205 3.939546 21.753498 12.725433
0.988325 5.704840 1.005669 1.848339 0.934435 8
-53 -27 87
1 0 0 0 1 0
1.130021 0.869247 1.125310 3.779208 16.847835 7.140809
1.006024 6.026943 5.107148 2.245087 1.090335 3
-72 -1 74
1 0 0 0 -1 0
1.082605 1.030748 0.910855 4.210601 13.900087 2.143829
0.998210 5.023710 7.203972 1.532524 0.787083 9
45 94 28
0 0 -1 -1 0 0
0.943093 0.842525 0.827703 4.093827 19.923369 1.424598
0.841413 3.944714 8.018986 1.145896 0.879372 3
-41 18 -7
0 0 -1 -1 0 0
1.017252 0.929895 1.146741 3.278560 5.023768 7.561008
0.794138 7.372762 4.225136 2.079620 0.791573 4
-3 -45 84
1 0 0 0 -1 0
0.891503 0.971000 0.918399 3.429790 4.317312 5.775578
0.878476 8.069059 2.284650 2.434552 0.841999 8
-63 43 40
1 0 0 0 -1 0
0.981685 1.104063 0.868689 3.347706 4.207549 10.349202
0.986411 7.980560 5.062668 2.916962 0.942135 4
19 -52 7
0 1 0 0 0 1
0.999757 0.817774 1.141343 3.198632 5.784353 4.327820
1.119455 4.011418 5.917908 1.157685 0.828687 8
-71 -8 -26
0 1 0 0 0 -1
1.027780 0.971018 0.907682 3.030438 2.420157 6.886457
0.967280 5.420548 5.474368 2.678375 1.053357 8
-37 60 96
0 -1 0 1 0 0
1.023139 0.822505 0.964440 4.186217 12.095369 2.323855
0.945524 3.241410 3.946574 2.618912 1.025706 2
-29 -86 -30
0 0 -1 0 1 0
0.792724 1.090970 1.041414 3.920340 19.191685 11.506368
0.956887 3.856565 4.586446 2.346232 1.044285 6
26 0 -97
0 1 0 0 0 1
0.859872 0.878930 1.036636 3.266681 16.260899 2.317380
1.112639 4.889351 1.883843 2.506890 1.122957 7
-10 -48 50
0 1 0 1 0 0
0.872816 1.087574 0.993486 3.738763 13.294133 8.516433
0.937495 6.667633 7.357365 2.760808 0.999754 4
17 81 -68
-1 0 0 0 0 -1
1.018249 0.951516 1.022321 4.058602 4.028556 11.420159
0.889607 7.698757 3.992218 3.078911 1.060887 4
-24 -35 -11
1 0 0 0 0 -1
1.128221 1.149999 1.060085 3.365420 15.921021 11.384235
0.830753 4.938556 6.130482 2.961570 0.924716 5
0 8 -12
1 0 0 0 1 0
0.808181 1.076192 1.067913 4.185309 18.884493 6.799595
1.027165 3.510084 4.031554 1.738515 0.999619 11
65 55 43
0 -1 0 -1 0 0
1.007806 0.954587 1.079123 3.890609 1.212662 3.131881
0.793063 4.551445 2.004040 1.772537 0.871862 8
-11 93 84
0 1 0 -1 0 0
0.917612 0.805618 1.108832 3.276270 1.913522 11.391573
0.930532 3.798551 8.053631 2.227815 1.068312 11
50 55 60
0 -1 0 0 0 -1
0.895199 1.024648 0.957383 3.712372 1.317817 7.151552
0.902856 6.387943 5.319293 2.832674 0.959116 6
-28 -69 21
1 0 0 0 -1 0
0.951332 0.922202 0.986877 3.197685 4.200429 4.923514
0.841713 3.625116 1.155497 2.184141 1.118647 3
-2 11 94
0 0 1 0 1 0
0.793085 1.093773 0.792995 3.232121 2.558083 9.619347
0.862166 5.407274 6.559391 1.648239 0.899197 2
-97 -44 -1
0 1 0 -1 0 0
1.078820 0.886571 0.801189 3.117576 13.366179 11.380297
1.104368 5.412231 2.093366 1.349860 0.999338 2
-73 20 -38
0 -1 0 0 0 -1
0.968242 1.052076 0.882223 3.481793 14.362354 8.460490
0.835000 7.196967 1.380034 2.054374 0.829493 3
41 -67 -87
0 1 0 -1 0 0
0.909830 1.150416 1.097764 3.469554 17.815415 8.887957
1.081419 3.768479 6.432601 3.077222 1.132689 11
-29 71 73
1 0 0 0 -1 0
0.795666 1.091711 0.802429 3.368969 10.572361 11.566774
0.967538 6.333572 8.201962 2.316102 1.034858 6
20 -71 15
0 0 1 0 -1 0
1.046367 0.858692 0.947795 3.223478 7.816763 5.443034
0.805682 6.530637 1.719689 2.912818 0.809994 3
-15 25 -90
0 0 -1 1 0 0
1.072295 0.827736 1.008078 3.713625 4.799569 7.809408
1.149334 6.801334 8.294253 2.702287 0.911768 1
60 78 73
-1 0 0 0 1 0
1.015409 0.839825 1.030023 4.016175 5.653322 3.743226
1.032004 8.177655 7.407047 1.157864 1.080040 8
17 -99 -49
-1 0 0 0 1 0
1.089479 0.822351 1.108785 3.078475 8.814400 8.944393
0.940388 3.972772 7.504640 3.088647 0.798987 11
-11 8 13
-1 0 0 0 -1 0
0.889249 0.854663 0.925226 4.053826 19.498967 7.709791
1.101223 3.706691 5.761989 2.676994 1.039556 1
78 42 -68
0 1 0 0 0 -1
1.083290 1.147773 1.019927 4.248290 1.271918 9.037952
1.015864 7.236403 8.431447 3.293378 0.880114 7
-38 21 82
0 1 0 0 0 -1
1.115123 1.009467 1.048519 3.028794 18.899775 8.004929
0.847715 5.763073 3.736139 1.590822 0.824625 3
-74 -58 98
0 0 1 -1 0 0
1.057352 0.971779 0.796701 3.339274 8.983430 11.194226
1.035258 5.894760 6.736954 2.627774 0.999807 2
-36 93 -84
0 1 0 0 0 1
1.115519 1.030812 0.996363 4.186367 7.821022 9.305383
1.060168 5.380168 3.024601 1.686603 0.832457 4
0 41 96
0 -1 0 1 0 0
0.960954 0.846005 0.816303 3.232558 11.168812 9.222439
0.859053 5.121209 7.349545 2.414431 1.026440 10
8 -59 -41
0 -1 0 0 0 1
1.054668 1.148107 1.015049 3.499813 2.087256 2.748957
1.105228 5.592922 1.159068 2.980182 0.854091 11
54 90 -6
0 1 0 0 0 1
0.962711 0.809669 1.014661 4.195118 14.092387 8.050634
0.866853 5.480374 3.938825 2.037103 1.132561 6
-8 82 22
1 0 0 0 0 1
0.882624 1.147514 1.139548 3.388409 11.086140 3.492728
1.058583 5.079114 5.388762 1.417213 0.843968 10
-69 -30 42
0 0 -1 -1 0 0
0.857188 1.021257 1.005519 3.266327 3.235090 10.531955
1.066245 7.597190 8.042993 1.764568 0.853224 11
-24 -79 -96
0 0 1 0 1 0
0.802972 0.810466 1.016258 3.515421 14.561395 4.723869
1.032789 7.761019 4.688535 2.063222 0.837521 4
-17 -31 -64
1 0 0 0 0 1
1.033044 1.069254 0.967249 4.089115 17.594891 11.175810
0.828754 3.141974 7.851061 2.456990 0.940362 3
63 -47 46
0 0 1 0 -1 0
0.996372 0.794253 1.063041 3.453098 16.115119 7.536136
0.832139 8.167770 4.001423 1.942737 0.932710 7
-69 22 -59
1 0 0 0 -1 0
0.792015 0.807622 0.967376 4.002541 15.383550 7.084157
0.998121 3.473503 2.968620 2.248889 1.010475 11
-80 1 -6
0 0 -1 1 0 0
0.919764 1.041444 0.836120 3.583435 3.061138 9.406282
0.924094 7.828735 7.102065 1.535902 0.815298 5
-34 -23 74
-1 0 0 0 0 1
0.994140 0.954580 1.090589 4.174213 11.545162 12.701242
1.146827 6.901329 1.225537 3.076917 1.018128 7
36 54 -56
0 0 -1 0 -1 0
0.813629 0.954664 1.107307 3.610063 14.246185 10.489391
0.786641 3.232216 5.936066 3.221785 0.981257 7
-68 81 -92
0 0 1 -1 0 0
1.085997 0.884567 0.828319 3.721073 10.817958 11.878564
0.855619 6.078708 6.863479 2.086158 1.019602 9
59 -7 45
0 0 1 0 1 0
0.810698 1.098516 1.072229 4.004788 2.496661 5.364809
0.804927 3.277212 2.733698 3.269757 1.140011 6
-51 -62 -52
0 1 0 0 0 1
0.831018 1.005519 0.880746 3.383692 14.876598 9.446987
1.064691 4.133182 6.339898 1.379122 1.136405 2
-25 -80 -22
1 0 0 0 0 -1
1.081095 0.805085 0.909768 3.869300 11.743426 2.520327
1.130330 5.829022 3.109278 2.713253 0.806882 8
40 10 -16
-1 0 0 0 -1 0
1.147409 1.148349 0.797511 3.916131 14.520452 4.016442
1.030430 7.956485 3.626757 3.069765 0.992922 11
-77 -64 -20
0 0 1 0 -1 0
1.096987 1.005577 1.055390 3.621259 16.847742 1.965378
0.848048 5.247699 4.128371 2.110921 1.122061 8
-36 86 -49
0 1 0 0 0 -1
1.007351 0.869543 1.096644 3.783654 4.260219 5.287021
0.931992 3.838835 2.933553 2.292476 0.895565 4
56 -67 75
0 0 1 -1 0 0
1.085101 0.980054 0.832563 3.058958 15.181493 8.197607
0.872108 5.442846 5.602604 1.308449 0.788742 5
45 45 -84
0 1 0 -1 0 0
0.834561 1.050465 1.034681 3.981718 7.411151 3.187853
0.883198 7.693526 3.492288 2.059501 0.819945 10
42 -63 21
0 0 -1 -1 0 0
1.029703 1.145731 1.090883 3.867776 16.774887 7.584664
1.104473 3.455266 6.555370 1.548710 1.104303 8
31 46 62
0 0 -1 1 0 0
0.952110 1.015505 1.015568 3.039469 17.088291 5.330942
0.869513 4.186846 7.429902 1.599984 0.869879 4
25 69 -52
-1 0 0 0 0 1
1.034086 0.902601 0.863735 3.340367 8.414462 1.235765
0.930228 4.495256 5.584896 3.049266 0.968886 10
-7 -77 -72
0 1 0 -1 0 0
0.939494 1.125366 0.908813 3.290796 12.601453 2.646623
0.798754 8.034739 4.952358 3.016931 1.130592 9
41 -9 -41
0 0 -1 0 1 0
1.055661 1.029073 1.131384 3.441494 14.241392 4.744170
1.072179 7.791842 4.080757 1.298124 0.878921 3
43 54 -14
0 1 0 0 0 -1
0.906541 0.917361 1.036449 3.449592 17.160147 1.511951
0.801436 3.177224 5.199110 3.295300 0.827555 7
63 25 37
1 0 0 0 0 1
0.851031 0.825518 0.845081 3.424469 7.541726 8.111576
0.865172 6.887347 8.151798 3.101188 0.855394 4
52 55 -57
0 0 1 -1 0 0
1.146453 0.970998 0.883294 3.004787 19.341463 2.524217
0.825694 4.700391 8.328190 2.047696 1.067404 2
81 95 -53
0 0 1 1 0 0
1.030599 1.062340 0.857744 4.169583 9.250005 13.205235
1.015024 7.666191 8.313496 2.508905 0.987313 10
18 -54 -24
0 1 0 0 0 1
1.094803 0.864549 1.034863 3.041830 3.719251 7.332490
0.831834 6.471516 7.925804 1.455660 0.793891 11
-40 -70 -14
1 0 0 0 0 1
0.972291 0.870797 1.114831 3.904085 20.841970 10.960163
0.969505 6.549036 6.058758 2.461102 1.011842 7
-28 1 55
0 0 -1 -1 0 0
0.786202 0.871667 0.960492 3.624575 5.838552 1.678807
0.858986 4.081640 6.818955 2.989891 0.891785 2
66 40 62
1 0 0 0 1 0
1.146218 0.858073 0.892772 4.174220 9.985440 13.266058
1.057786 6.396700 5.323985 3.128491 0.982256 7
71 74 47
1 0 0 0 0 1
1.141979 0.856130 0.855138 3.657482 6.583356 7.276938
1.047411 7.290537 1.000627 1.547489 1.069596 10
-81 -21 -86
0 1 0 1 0 0
1.027281 1.046294 1.026966 3.283318 10.791584 7.916364
0.928898 5.791968 5.879896 2.261657 1.000560 11
-77 3 59
0 1 0 0 0 1
0.881736 1.052804 0.960216 3.198450 8.580513 3.091207
1.009755 3.460794 1.701499 2.314257 0.971621 5
81 -77 -7
0 -1 0 0 0 1
0.975997 1.108944 0.938951 3.649873 7.583421 1.012650
0.856373 5.865038 7.207339 1.268123 0.823826 4
-30 -24 81
0 0 -1 -1 0 0
1.081675 1.148260 1.041442 4.083310 21.294510 5.428974
0.831418 7.765316 5.419374 2.696687 1.016543 1
-62 81 -14
-1 0 0 0 -1 0
1.078462 1.104595 0.867988 3.187034 10.429303 7.617359
0.935027 7.528485 5.646547 2.500412 1.013759 5
87 58 -31
0 1 0 1 0 0
0.969067 0.903536 0.880233 3.534625 1.602886 5.129798
1.026519 8.208358 2.092130 1.088583 1.108619 2
-55 -79 -28
-1 0 0 0 1 0
1.072574 1.019597 1.052499 3.126642 13.867345 1.962229
0.879105 5.862466 4.127824 1.756423 1.140483 7
-15 80 -32
0 0 1 -1 0 0
1.140178 1.018822 1.073013 3.869133 20.749146 3.362551
0.999464 7.072749 2.041802 1.863720 0.788632 11
67 6 -70
0 0 -1 -1 0 0
0.900363 0.913590 0.982314 3.467310 18.913241 3.887972
1.141511 7.541522 1.383582 2.753882 1.089058 6
20 45 -9
0 0 1 1 0 0
0.937493 0.832919 1.028593 4.047745 13.508102 4.915833
0.977818 7.303076 1.535080 2.427297 0.813326 3
-78 -87 -8
0 -1 0 0 0 1
1.134227 0.981961 1.097572 3.254052 6.794730 11.348704
0.883854 6.383321 3.534553 2.499472 1.119717 9
-6 40 -33
0 -1 0 0 0 1
1.061229 1.147033 0.954216 3.602619 19.823472 1.403156
0.898269 4.811760 2.998881 1.935311 0.856616 6
-68 -81 -35
0 0 1 0 1 0
0.952634 1.140977 1.055486 3.329469 17.159069 12.202804
1.016606 7.904100 6.999023 2.173109 0.906313 1
-36 87 43
0 1 0 0 0 1
1.021887 0.912228 0.837374 3.831034 21.226385 3.799961
0.811095 3.966046 2.628539 3.007397 0.975528 3
-58 -89 -68
0 -1 0 0 0 -1
1.062276 0.998113 1.124504 4.071710 10.854115 9.971658
1.037176 6.365554 7.291436 3.025370 1.143174 10
29 43 -56
0 0 1 -1 0 0
1.022201 0.880296 0.995831 3.528980 2.553488 10.690965
0.967790 4.584043 4.120647 1.128932 0.831495 6
-73 79 0
1 0 0 0 0 1
0.998537 0.794639 1.082015 3.593732 11.884575 3.522741
1.122242 3.671126 2.705839 2.902599 1.055038 1
-89 -56 44
0 0 1 -1 0 0
0.837057 0.886776 1.041981 4.152256 13.604927 9.974327
0.964211 7.042919 4.982653 2.768793 1.104303 9
51 -57 79
0 -1 0 -1 0 0
1.090133 0.847481 1.020195 4.131768 6.284623 7.493838
1.066282 3.686834 1.606816 1.652991 0.976474 8
-94 5 -90
0 1 0 0 0 1
0.899773 1.064879 1.077663 3.064459 11.790185 11.915057
0.856539 8.230124 2.846615 2.135655 0.788600 2
11 -40 88
0 -1 0 0 0 -1
1.096943 0.917143 1.009777 3.854270 11.458400 2.881472
1.004680 6.044848 6.937685 1.890036 0.993558 10
85 75 -59
-1 0 0 0 0 1
1.089488 0.910622 0.893038 4.250317 7.954047 12.105240
0.977886 7.160408 5.699185 2.679766 0.799017 4
-32 39 -72
1 0 0 0 1 0
0.954982 1.014688 0.988919 3.639764 4.132032 4.732081
1.139390 3.699600 3.436084 1.662207 0.994681 2
58 16 -68
0 1 0 0 0 -1
0.804853 0.907635 0.923644 3.695064 18.210557 5.581594
0.988060 5.723346 6.136869 2.995111 1.046859 11
-66 -49 -5
1 0 0 0 0 1
0.976891 0.833640 1.049672 3.482654 11.428695 6.289815
1.055229 5.302395 6.192915 2.078582 1.037884 2
-19 35 -96
0 0 1 0 1 0
1.025947 0.969566 1.042998 3.139157 9.756123 13.214675
0.792897 7.411139 3.217550 1.114680 0.997079 5
-23 -4 -3
1 0 0 0 -1 0
0.946429 0.861587 0.898669 3.319707 8.994472 6.199305
1.092011 6.488317 6.918541 2.488843 0.791662 1
-28 38 -13
0 1 0 0 0 1
0.985930 0.967462 1.063917 3.869710 20.138682 11.357150
0.875927 3.553746 2.765438 1.245160 0.839001 4
-52 82 -97
-1 0 0 0 -1 0
0.827075 1.121247 0.825633 3.914107 7.398664 7.139745
0.874271 3.801440 5.814089 1.844008 1.031056 3
-52 -88 41
0 -1 0 0 0 -1
1.078685 0.805460 1.028736 3.814284 18.866772 9.289952
0.944063 8.194673 4.710987 2.728099 0.961391 5
71 17 95
0 0 -1 0 1 0
0.807805 0.863028 0.995889 3.852511 3.767611 10.066584
0.934575 4.082189 3.681205 1.638465 1.091779 4
-49 0 78
1 0 0 0 0 1
0.922075 1.011864 0.842332 3.029102 10.945288 2.597277
1.070922 5.553952 4.735434 3.290152 1.037409 8
-57 -70 32
0 0 -1 1 0 0
0.856936 0.956487 0.963299 4.080897 16.864263 3.579761
0.891612 7.248682 7.841462 2.054708 1.016762 5
-98 11 28
0 1 0 0 0 -1
0.793348 1.059966 0.927400 3.969441 2.660582 5.505604
1.052305 7.412529 3.213881 3.216317 0.951730 2
-85 69 92
-1 0 0 0 -1 0
0.911472 0.810408 1.025804 3.702650 1.445815 5.638212
0.790951 3.738292 5.393743 2.474438 0.841044 7
-68 18 13
0 1 0 -1 0 0
0.817305 1.012265 0.843218 3.801612 12.668012 9.534050
1.083127 3.784251 7.355894 2.043440 1.106459 9
-44 48 46
1 0 0 0 -1 0
0.853932 1.102162 0.842386 4.197819 18.089926 2.602934
1.118941 7.324471 6.226281 2.587344 0.871902 1
-6 -34 76
0 1 0 1 0 0
0.971757 0.840065 1.143150 3.399371 17.079984 10.195637
1.054337 7.747298 3.859028 3.110008 1.009140 3
-50 -93 73
-1 0 0 0 1 0
0.915042 0.885515 0.966947 3.486113 8.914190 8.316198
0.991645 7.840779 6.725307 2.854031 0.942773 9
15 91 31
0 -1 0 1 0 0
0.929733 1.094349 1.033278 4.009479 5.372847 7.476704
1.085793 5.495567 2.031442 2.493093 0.800195 4
57 -43 73
0 1 0 -1 0 0
1.044464 1.144027 1.142480 3.718642 2.027840 1.627069
0.858261 3.299503 4.514319 1.790441 0.874632 3
23 72 56
1 0 0 0 0 -1
1.062841 0.875613 0.966965 3.102068 8.020817 2.183120
1.087808 4.678306 5.480465 1.898290 0.957914 5
10 16 -24
0 1 0 1 0 0
1.033236 0.989098 1.078410 3.904458 7.515398 4.291461
0.811423 4.760489 4.803698 1.498956 1.049849 7
83 -92 50
0 0 -1 0 -1 0
1.062165 0.841676 0.804227 4.158946 2.465096 8.771009
1.140835 4.642713 6.193310 1.634650 1.030402 10
28 84 -45
0 0 -1 0 1 0
0.907140 1.146820 0.787892 3.819717 2.734274 12.088236
0.785754 4.688238 4.746780 2.771586 0.841470 4
36 -8 82
0 1 0 -1 0 0
0.946019 0.859240 1.020522 3.876664 17.234913 6.718879
1.132247 7.751645 4.935834 2.358548 0.984520 7
27 -73 85
0 1 0 1 0 0
0.913239 1.131825 1.078388 3.794371 5.491525 8.447086
1.150807 4.860798 1.486977 1.002459 0.856199 9
16 -63 -92
0 1 0 0 0 1
1.083480 0.958356 0.987898 3.787695 8.200353 9.797610
0.903874 7.734746 1.318028 2.276981 0.797807 10
-6 40 2
1 0 0 0 -1 0
0.907458 0.868317 0.993549 3.215431 9.931466 7.853616
1.134142 7.710084 1.064378 1.728232 1.002869 4
-5 -64 9
0 0 -1 1 0 0
1.107439 1.015362 1.020686 3.233921 17.351769 7.095706
0.863208 3.195884 1.475969 3.008696 1.050299 9
9 -19 -8
0 0 1 0 1 0
0.834425 0.988531 0.915678 3.684400 10.154224 7.400514
1.103884 5.059787 8.011973 2.675726 0.919225 5
-72 48 44
0 1 0 0 0 -1
0.915994 1.144220 1.022393 4.174966 16.930668 12.169980
1.057087 5.268033 1.470933 2.394298 1.063660 2
71 18 -40
1 0 0 0 -1 0
1.020235 0.954208 0.864155 3.061931 18.582630 11.283284
1.142468 5.825446 4.143754 1.732507 1.037921 9
99 58 -20
0 1 0 0 0 1
0.857088 0.968640 0.914160 3.406116 20.035974 7.033725
1.021635 6.571766 5.336671 2.649131 1.006552 3
0 52 -89
0 -1 0 -1 0 0
0.949125 0.928667 0.831197 3.428581 12.283664 1.782618
0.797262 3.002845 5.512511 1.274872 0.948807 7
-40 64 -64
-1 0 0 0 0 -1
0.822348 1.045644 0.889522 4.100321 20.930348 2.100242
0.826378 7.121068 1.906800 1.221366 1.098324 6
26 2 90
0 -1 0 1 0 0
1.033638 1.130012 1.083628 3.894251 11.254830 1.573417
0.904353 7.067569 3.276560 2.034904 1.129289 11
-27 -13 -76
0 0 -1 1 0 0
1.149578 0.962445 1.018401 3.486383 10.840260 4.913532
1.112561 4.560166 1.638186 1.683537 0.821199 11
29 13 -74
0 1 0 0 0 -1
1.112557 1.063428 0.990010 4.050855 14.224131 4.290663
0.820135 5.091425 4.311192 2.261777 0.911606 1
-62 6 -97
0 1 0 0 0 1
1.054710 1.118404 1.113844 3.478929 10.495836 6.024300
1.046217 7.005827 1.943675 1.500892 0.790180 11
62 77 92
-1 0 0 0 0 -1
1.140938 1.009546 0.830248 3.051103 18.798555 3.738327
1.000724 7.541951 6.063488 1.860707 0.799731 3
-18 -35 61
-1 0 0 0 0 -1
0.876231 1.021440 1.009980 4.243380 3.882064 6.110109
1.097304 6.246856 2.152686 1.003986 1.042194 11
43 -30 29
0 1 0 1 0 0
1.123092 1.041213 0.792834 3.851909 19.790353 4.116662
0.968740 4.628771 1.074997 1.888632 0.987476 3
-74 67 20
0 1 0 -1 0 0
1.023660 0.797315 1.106182 3.033566 3.346351 9.455328
1.032388 5.071717 6.528062 2.603830 1.137693 2
-8 8 -93
0 0 -1 0 -1 0
1.040903 1.063297 1.139400 4.188983 18.782007 8.054476
1.129194 3.764830 6.494562 2.385118 0.884951 1
-12 -3 35
0 -1 0 0 0 1
1.028910 0.834010 0.822210 3.111937 2.811547 3.398513
1.047517 6.400408 1.711637 1.891525 1.015215 5
55 19 -4
-1 0 0 0 1 0
0.934014 1.123741 0.833945 3.899697 8.129324 4.828463
1.019132 3.478178 3.549264 1.831459 1.026962 5
40 56 -46
-1 0 0 0 0 1
0.834147 0.872097 0.998861 3.486059 2.537963 7.189143
1.127545 3.868848 7.578777 1.315939 0.951317 6
13 85 -73
0 0 -1 -1 0 0
1.042819 1.135496 1.001858 3.100239 16.177522 9.813697
1.028332 4.357647 5.199607 2.930237 1.138256 3
38 62 -82
0 -1 0 -1 0 0
1.107161 0.893414 0.873468 4.078537 12.440169 11.137715
0.855468 4.190250 2.926054 2.772402 0.848788 9
53 29 -30
0 0 1 0 1 0
0.952214 1.075926 1.084226 3.303462 19.261956 12.375715
0.789927 7.324465 1.769449 1.959363 0.827282 9
7 -64 34
0 0 -1 0 -1 0
0.995620 1.037899 0.919624 4.015985 6.556881 2.559138
1.078613 5.333822 5.328592 1.527212 0.822337 10
90 -1 65
0 0 1 0 1 0
1.106739 0.979040 1.037229 3.710722 1.936161 1.573352
0.880950 6.616120 2.014008 3.214490 0.899108 11
58 47 -86
1 0 0 0 0 1
0.843624 0.831697 0.861648 3.837246 16.893405 13.195003
0.826774 7.160106 7.492964 2.648833 0.821691 4
-42 54 -93
-1 0 0 0 0 -1
1.132273 1.003467 1.110094 3.577522 12.894150 6.803000
0.893575 7.201368 6.211873 3.262674 1.004349 8
-34 -82 57
-1 0 0 0 0 -1
1.117465 0.878018 0.820940 4.213320 3.361468 6.891874
1.052946 5.956769 8.005283 3.124952 1.008222 9
-12 53 71
1 0 0 0 1 0
1.131674 1.068834 1.043445 4.120095 19.403486 7.264849
1.083761 5.198513 8.369398 2.918972 0.901855 10
-24 -53 -43
1 0 0 0 0 -1
1.027442 1.131715 0.824608 3.678161 13.833555 5.037944
0.830360 6.821646 3.830449 2.943094 1.028354 9
-68 31 56
0 -1 0 0 0 1
0.925982 1.048484 0.949576 3.507519 14.390946 4.910968
1.043013 5.783154 1.725960 2.997236 0.980303 5
92 -82 -15
0 0 1 0 1 0
0.957270 0.809498 0.991617 3.767213 2.501967 7.962075
0.971819 4.108801 6.391021 1.697096 0.978157 5
-3 33 -94
0 1 0 0 0 1
0.939967 1.106061 0.919033 4.190750 11.981022 10.244243
1.061752 7.806202 1.025656 2.803651 0.959519 8
39 -29 36
0 -1 0 0 0 1
1.146346 0.791959 0.838314 3.060493 4.687508 5.318288
0.853122 5.060522 5.523593 1.290517 1.139311 1
-17 80 30
-1 0 0 0 0 -1
0.873163 0.966714 0.852548 3.601241 6.087337 7.894965
0.921313 7.392926 4.677758 3.249858 1.050603 7
-79 31 -41
-1 0 0 0 1 0
0.844616 0.900719 1.112131 3.248692 2.588882 8.275865
0.932443 6.010887 2.165861 2.500450 1.079107 1
-67 12 -18
1 0 0 0 1 0
0.914297 0.981082 1.070174 3.061426 2.506407 11.348428
0.857997 8.249055 7.201227 1.946687 0.940628 5
33 64 -69
-1 0 0 0 -1 0
1.040268 1.150500 0.884441 4.206229 7.434157 10.998691
1.007841 6.178324 3.531829 2.405560 0.940778 10
-88 86 2
0 1 0 0 0 1
1.027609 0.876425 1.112393 3.962912 2.505541 4.382186
1.081580 6.964767 7.172770 1.542673 1.016965 1
90 81 -26
0 0 -1 1 0 0
0.898753 1.097391 0.835499 3.315325 10.035028 13.314673
1.105223 3.542303 5.823747 2.056703 0.875820 9
0 10 11
0 1 0 1 0 0
0.998915 1.055716 0.897418 4.153708 4.854099 5.243616
1.089413 8.019072 3.768050 2.590518 0.959835 6
-91 -10 53
0 -1 0 0 0 -1
0.888388 1.027709 0.915157 3.368862 20.546560 4.788193
1.150766 4.336804 6.072762 1.127582 1.002798 1
41 -33 -9
-1 0 0 0 0 1
1.013900 1.024348 0.814286 3.845392 21.334927 1.777691
0.801357 6.105201 2.100849 2.374025 0.952250 5
-33 -52 96
1 0 0 0 0 -1
0.808865 0.931352 0.883329 3.425283 11.441368 11.620232
0.998232 7.045568 6.403258 3.238397 0.793169 6
11 -70 37
0 -1 0 1 0 0
1.017740 1.018582 0.982690 3.933996 8.167942 3.726519
1.097704 6.428013 1.548041 2.930875 1.139108 5
75 -5 100
0 1 0 0 0 1
0.896581 0.975747 0.814550 3.496353 9.214056 12.983120
1.008963 6.182457 3.822956 1.546929 1.038258 5
67 15 33
-1 0 0 0 1 0
0.793673 0.825297 0.955045 3.398544 5.340347 2.443220
1.110025 7.970868 6.191164 1.289167 1.146823 10
65 28 78
0 0 -1 -1 0 0
1.012237 0.813874 1.120924 3.010356 13.778168 8.527563
0.925614 3.775980 7.958853 2.471347 1.097393 8
-80 45 -46
0 -1 0 0 0 -1
0.945811 1.053194 0.922675 3.719166 11.877714 9.326279
0.840671 8.127908 8.030648 2.002521 1.064880 4
53 31 66
-1 0 0 0 1 0
0.893609 1.067041 0.908571 3.116838 3.501926 13.232765
1.130359 4.755745 2.973598 2.485853 0.824096 7
38 58 -14
0 1 0 0 0 1
0.918023 1.017346 1.136150 3.813121 3.951722 5.335651
1.014184 5.671847 1.330554 1.278680 0.846094 9
72 41 38
0 -1 0 1 0 0
0.983715 0.924071 0.993307 4.242401 2.048711 12.809407
1.052866 7.561946 3.869669 1.675193 0.963363 4
57 -81 -52
0 -1 0 -1 0 0
0.939180 0.946862 1.086992 3.438457 11.343189 5.204121
0.994744 6.776635 5.859294 2.323203 0.875102 11
20 -83 -51
-1 0 0 0 0 1
0.809116 1.028826 0.868479 3.764649 3.735097 10.646765
1.142799 5.344193 8.434436 1.247728 0.958830 7
6 43 -46
-1 0 0 0 1 0
1.044644 1.040850 1.062623 4.233100 17.530295 13.118556
0.874686 7.433429 6.108052 1.214564 0.788561 2
-43 81 10
0 1 0 0 0 -1
1.075189 0.805640 0.907651 3.865050 13.380067 3.389584
0.975082 3.372803 5.834625 2.872284 1.003087 7
53 79 -8
0 0 1 -1 0 0
0.897924 0.987311 0.994428 4.119741 11.620259 10.015058
0.886832 6.843933 5.569577 2.730771 0.961844 7
-50 -88 -55
0 1 0 1 0 0
1.099460 0.928851 1.148176 3.044619 10.865074 5.051881
1.148622 3.373221 3.163449 1.240931 0.842045 5
38 70 -97
-1 0 0 0 0 1
1.092655 0.914137 1.026648 3.772261 14.452340 3.420879
1.136303 7.348129 8.036989 1.272113 0.902880 3
-59 -59 -33
0 0 1 -1 0 0
0.822617 1.104735 1.069735 3.444579 5.602727 6.524816
1.020965 6.515882 1.986361 1.086119 1.078441 9
23 73 94
0 -1 0 1 0 0
1.074835 1.075739 1.045562 3.864615 8.484467 7.858462
0.869135 3.736954 5.523401 2.399957 0.901535 9
-35 64 5
1 0 0 0 0 1
1.039377 1.041889 1.130433 3.245676 16.103052 6.526022
0.847665 7.185081 7.003098 1.962312 1.086590 2
-6 63 -87
0 1 0 0 0 1
0.872159 0.796493 1.001105 3.607030 7.961693 7.439334
0.909834 3.801276 6.339755 2.648135 0.841984 8
17 -51 -66
1 0 0 0 0 1
0.904364 0.932740 0.921242 3.920500 17.806649 4.722929
1.122087 5.601813 1.791522 1.790102 0.863249 11
-72 -6 -66
1 0 0 0 0 1
1.052393 1.013892 0.922023 3.501634 7.278488 9.665124
0.833804 7.439905 7.697891 1.827482 0.895764 3
-64 68 19
0 -1 0 -1 0 0
0.999830 0.967622 0.920240 3.332911 2.465502 3.932650
1.126393 3.070642 6.887227 2.329468 0.895265 10
-99 -54 -16
0 0 1 1 0 0
0.967880 0.871750 0.863890 3.002919 18.651270 10.265600
0.815939 4.605447 5.412714 2.914809 1.039822 5
-17 -53 96
0 1 0 1 0 0
0.912041 0.790967 0.926941 3.684931 19.251304 7.829676
1.054858 6.226376 2.373115 2.449858 0.943736 4
-20 16 -37
1 0 0 0 0 -1
1.057237 1.064496 0.939492 4.183855 7.501222 4.112613
0.992737 6.897081 6.949724 2.803982 0.979739 10
-27 38 28
-1 0 0 0 -1 0
0.878081 1.078270 0.966702 4.253765 5.376899 7.130509
1.124760 5.010996 7.613587 1.462293 0.864337 2
-40 -98 -28
0 0 -1 1 0 0
1.103709 0.949247 0.990598 3.585253 15.154457 12.218064
1.095656 7.218612 2.987036 1.232569 0.978146 7
72 68 17
-1 0 0 0 1 0
1.023097 1.001565 0.936428 3.202483 21.379004 7.205489
1.073299 5.680869 6.829892 1.278197 1.020047 4
-25 34 -9
-1 0 0 0 0 -1
0.937508 1.002892 0.894870 3.043987 19.649899 3.064105
0.816375 7.993644 5.021086 1.525851 0.811560 3
-39 24 56
0 1 0 -1 0 0
0.977905 1.059105 1.086329 3.487321 12.308061 5.649098
0.840789 5.579178 7.225000 2.441354 1.005582 10
91 -68 -50
-1 0 0 0 0 -1
0.874354 0.852040 0.841321 3.944199 4.285222 11.317382
0.999707 4.937157 3.018025 2.884816 1.094751 2
52 -37 78
0 0 1 0 1 0
1.059220 0.917227 1.097250 3.239147 9.590681 9.361293
0.898790 3.498144 1.646647 1.696650 0.946100 6
6 -25 -39
0 0 -1 0 1 0
0.884174 0.992957 0.893703 3.445182 15.016307 7.296411
1.146858 5.560658 5.982947 2.929521 0.837119 6
