0 1 0
7 1 7
7 0 0
18 1 18
65 1 65
85 1 131
98 1 194
146 1 146
167 1 167
177 1 177
4 0 0
92 1 142
106 1 106
127 1 63
131 1 85
2 1 0
16 1 151
117 1 59
38 1 160
3 0 0
64 1 107
107 1 38
137 1 137
4 0 0
47 1 104
101 1 19
159 1 46
192 1 57
3 0 0
123 1 1
125 1 99
138 1 50
2 2 0
56 1 138
89 1 185
20 1 118
111 1 68
4 1 0
69 1 190
97 1 169
102 1 102
129 1 129
180 1 14
5 0 0
34 1 197
87 1 87
90 1 152
163 1 30
188 1 55
1 1 0
59 1 117
151 1 39
2 0 0
39 1 151
184 1 64
2 1 0
49 1 157
100 1 156
189 1 6
1 1 0
32 1 32
10 1 10
3 1 0
118 1 84
143 1 50
182 1 77
54 1 96
4 0 0
41 1 150
66 1 114
185 1 30
193 1 98
5 1 0
132 1 62
160 1 160
168 1 99
175 1 67
187 1 5
51 1 182
5 1 0
74 1 200
114 1 70
144 1 27
197 1 13
199 1 23
86 1 162
0 1 0
76 1 189
3 1 0
2 1 157
37 1 162
43 1 122
13 1 118
4 0 0
140 1 23
176 1 30
194 1 100
195 1 19
1 1 0
40 1 199
70 1 145
1 1 0
75 1 75
4 1 158
2 0 0
23 2 126 140
28 1 169
2 2 0
73 1 193
142 1 71
57 1 152
178 1 77
3 0 0
147 1 9
152 1 5
162 1 96
1 0 0
17 1 161
0 1 0
31 1 31
0 1 0
44 1 190
2 0 0
130 1 20
179 1 72
2 1 0
33 1 116
121 1 91
145 1 70
3 0 0
119 1 21
126 1 23
181 1 63
1 0 0
78 1 104
1 1 0
1 1 154
139 1 6
0 0 0
2 0 0
148 1 1
171 1 50
2 1 0
60 1 157
161 1 83
141 1 156
0 0 0
1 0 0
52 1 169
0 1 0
122 1 30
0 0 0
1 0 0
166 1 30
0 0 0
1 0 0
63 1 152
2 0 0
46 1 162
133 1 82
1 1 0
8 1 8
116 1 33
1 0 0
128 1 50
0 0 0
2 0 0
30 1 156
61 1 61
3 0 0
136 1 79
169 1 99
191 1 77
0 0 0
1 0 0
15 1 133
1 0 0
109 1 95
0 0 0
1 0 0
48 1 48
0 0 0
0 1 0
93 1 150
0 1 0
186 1 11
0 0 0
0 0 0
0 0 0
0 0 0
1 0 0
183 1 30
0 0 0
0 1 0
134 1 83
0 0 0
0 2 0
22 1 22
104 1 3
1 0 0
108 1 50
0 0 0
0 0 0
1 0 0
25 1 156
1 0 0
6 1 169
0 0 0
1 0 0
88 1 154
0 0 0
0 1 0
94 1 124
0 0 0
0 1 0
105 1 105
1 0 0
11 1 110
0 2 0
53 1 53
165 1 96
0 1 0
174 1 72
1 0 0
12 1 156
1 0 0
170 1 68
0 0 0
1 0 0
153 1 50
1 0 0
81 1 157
0 0 0
0 1 0
156 1 95
0 0 0
0 0 0
2 0 0
149 1 27
198 1 91
0 0 0
0 1 0
99 1 190
0 0 0
0 1 0
84 1 112
2 0 0
124 1 29
190 1 99
1 0 0
80 1 150
1 0 0
113 1 50
0 0 0
0 0 0
