100 100
78 91 -76
1 0 0 0 0 1
1.134233 1.185292 1.112332 3.422605 46.599581 33.183026
0.921103 6.371342 5.454955 2.656820 0.909787 35
-82 58 -98
0 1 0 -1 0 0
0.826940 1.047681 1.017223 3.802137 59.740330 5.791953
1.068719 5.398833 1.339568 1.316646 0.854799 12
-48 -59 33
1 0 0 0 0 -1
1.054280 1.211614 1.257508 4.479671 47.415370 30.211843
0.904024 6.220163 8.014412 2.450507 1.102694 40
13 73 52
0 0 -1 0 1 0
1.283845 0.820310 0.913123 3.397402 1.475639 24.856391
0.896959 4.562322 2.419643 2.928023 1.016702 24
49 -84 80
0 -1 0 0 0 1
0.830877 1.150126 1.282235 4.591559 36.676047 44.102820
1.051892 7.167435 7.137957 2.329826 1.013529 17
-26 -40 24
0 0 -1 0 -1 0
0.978683 1.144910 1.235314 4.116600 33.147401 26.602217
1.037000 6.805617 4.490467 1.228302 1.139887 16
2 54 -54
0 0 1 0 -1 0
0.841726 1.257916 1.043521 3.431953 8.431236 47.994836
1.008375 4.131019 3.364434 3.290864 1.165988 17
-82 16 -26
0 0 -1 0 -1 0
1.110217 1.068236 0.940391 3.933598 34.010347 9.291787
1.227561 3.847838 2.983495 3.448236 1.020781 3
-86 -92 99
0 1 0 0 0 -1
1.091251 0.993123 0.862487 4.380583 27.892637 31.817473
1.273633 6.584137 6.085361 1.450548 1.152592 9
-19 26 42
0 0 -1 1 0 0
1.131855 0.908599 1.221000 4.842154 8.409729 44.959940
0.845668 6.622303 7.645521 3.146858 1.237515 46
-71 83 -34
1 0 0 0 0 -1
0.842408 0.822428 0.827681 4.619092 61.832683 28.068566
0.934772 4.699159 7.283505 2.173420 0.873264 15
-98 -66 -40
1 0 0 0 0 1
0.954507 1.083702 1.300930 4.977949 34.677060 33.223895
0.861871 4.116438 8.053224 1.902118 0.887110 13
67 8 37
-1 0 0 0 0 1
0.998847 1.289506 1.131915 4.138781 28.438091 36.239640
0.992755 6.487080 6.140500 3.270053 0.911629 8
-100 -20 -99
1 0 0 0 -1 0
1.261614 1.102782 0.870784 3.348564 50.955248 31.795897
1.246243 5.589760 5.129548 2.884171 1.024473 19
-6 20 69
-1 0 0 0 -1 0
0.818093 0.832433 1.027844 4.736277 2.672554 32.872549
1.160482 5.894652 7.031344 1.673490 0.807990 9
-14 -100 83
0 1 0 0 0 -1
1.027362 1.234428 1.180097 4.514187 26.963239 16.583938
1.076556 3.641183 2.042383 2.453548 0.825280 21
-72 73 56
0 0 1 0 -1 0
0.879724 1.051171 1.183700 3.572108 55.651748 30.370490
1.137502 3.764988 6.182560 1.413677 0.842288 27
-33 98 88
1 0 0 0 0 1
1.145414 1.110259 0.952356 4.195352 57.355399 46.652978
0.789457 5.219784 1.378106 3.213991 1.041552 36
-91 -4 59
0 -1 0 -1 0 0
0.997743 1.062731 1.113215 3.961592 13.567755 15.963784
1.023136 6.133010 2.466982 3.101265 0.995437 43
73 -9 3
0 1 0 -1 0 0
0.787491 1.098841 1.240708 4.852275 42.042262 42.446773
1.213912 5.421298 7.203104 3.018055 1.143529 38
-92 96 21
-1 0 0 0 1 0
1.207959 1.018326 0.803001 3.358353 54.302034 18.891952
0.942293 5.829986 5.203964 3.478396 1.214272 35
24 88 69
-1 0 0 0 -1 0
0.791867 0.912803 1.254880 4.772916 39.956034 29.670815
0.872918 4.627681 4.366465 3.009753 0.934840 41
22 64 25
0 1 0 1 0 0
0.999620 1.267161 1.026396 3.331669 21.954092 11.878809
1.273986 6.347181 5.569596 2.315204 1.193512 32
-64 66 59
0 1 0 -1 0 0
1.063336 0.944125 0.979475 3.342577 5.638580 44.155976
0.916190 5.171283 4.628067 1.128188 0.974532 24
-64 -24 -71
0 0 -1 -1 0 0
1.255127 0.799605 0.853059 4.463636 5.822800 18.911865
1.079272 7.283271 6.378433 1.092506 1.124143 28
58 -57 86
0 -1 0 -1 0 0
1.051321 1.127715 1.108170 3.812945 60.055650 17.015895
1.070268 4.128533 4.308481 1.961633 1.269990 8
-19 -86 -94
-1 0 0 0 0 1
1.014801 0.869050 1.276593 3.187867 37.426142 47.341135
1.092463 7.345767 3.146443 2.997387 0.988721 37
78 -15 71
0 0 1 1 0 0
1.265879 0.996908 0.832580 5.009814 46.697230 17.133794
1.197427 4.241888 4.843121 1.394727 0.821788 33
77 -55 -1
-1 0 0 0 0 -1
1.078768 1.099696 1.131215 3.730741 41.430378 48.464556
1.252014 5.387164 5.800719 1.860739 1.003314 6
-13 -77 -35
0 0 -1 0 1 0
0.838863 1.134344 1.268361 4.642363 46.812259 18.516951
1.195055 7.532639 2.150635 2.739970 1.027443 25
3 6 49
0 0 1 1 0 0
1.170580 0.952332 1.052318 3.095880 45.444856 3.785432
0.857274 3.323141 6.649347 1.631805 1.058095 24
62 -23 67
1 0 0 0 -1 0
1.225716 0.983645 1.262195 4.491899 29.630713 32.411890
1.220824 3.038047 2.388046 2.251894 1.116636 11
18 18 -39
-1 0 0 0 0 -1
1.300247 0.826006 1.210572 4.813694 7.898847 41.985702
1.187394 6.075926 1.935156 1.039509 1.256998 38
64 -16 8
0 1 0 -1 0 0
1.030123 0.969522 1.210335 3.411539 46.270541 3.808575
0.883848 7.256355 6.535263 3.405975 1.053092 13
-87 55 68
0 0 1 0 1 0
1.284789 0.802458 0.911675 3.683457 59.633681 31.456814
0.846304 4.310415 7.712372 1.417992 0.791749 16
-66 -50 -15
-1 0 0 0 -1 0
0.996257 1.203999 1.138942 3.888730 35.152763 43.069168
1.104994 5.413213 6.161913 1.396484 1.183307 14
7 -45 -12
-1 0 0 0 0 1
0.854592 1.236905 0.787657 3.221773 39.986761 3.023121
0.811997 6.467524 7.157519 3.400640 1.286997 27
71 53 93
0 1 0 -1 0 0
0.831692 1.146832 0.867600 4.347021 10.972617 20.663299
1.032534 6.804911 2.165074 1.810471 0.838182 8
25 -97 87
-1 0 0 0 0 1
1.211053 0.803673 1.038225 3.869457 28.568562 15.975625
1.118771 6.010723 6.099425 1.042443 0.905099 9
52 89 59
0 0 1 -1 0 0
0.837830 0.956038 1.044359 3.390737 27.078251 17.183111
0.904020 6.626308 2.497552 3.333647 0.932695 3
29 79 -34
-1 0 0 0 0 -1
1.043400 0.869299 1.028080 3.336137 44.851590 30.587065
0.805032 6.748831 6.911902 2.742034 1.022874 9
61 -42 20
1 0 0 0 0 -1
1.052789 0.862466 1.284082 4.938627 32.285329 3.522895
0.956770 5.128449 6.024710 1.660559 1.097524 42
52 -75 -84
-1 0 0 0 0 -1
1.056367 1.256789 1.180978 3.811348 13.801565 19.158374
0.822040 8.217230 5.725825 3.335533 0.967269 6
38 73 -88
0 1 0 0 0 1
1.250410 0.909673 0.842247 4.203760 32.512210 37.062901
0.925374 7.568152 2.486312 3.173430 1.100841 33
-98 -53 33
0 -1 0 0 0 1
1.146775 1.010351 1.140334 4.980406 29.222463 7.501795
0.809091 3.872800 2.884812 2.066173 0.850864 40
-34 -59 100
0 0 -1 -1 0 0
1.092807 1.302598 0.806401 4.911394 57.789851 22.278518
1.223856 7.773514 5.882954 2.761214 1.006415 9
-82 -76 36
0 0 1 0 -1 0
1.221759 0.949879 0.902092 3.840578 17.561531 12.181887
1.200824 6.492222 4.511478 1.080647 0.939701 18
56 33 35
1 0 0 0 0 1
1.179245 1.219187 0.930920 4.974785 52.203868 32.661758
0.893536 3.233881 2.387373 3.263630 1.192109 38
-52 67 -89
0 0 -1 0 -1 0
1.268547 1.041124 1.211274 4.378917 3.673278 44.733014
1.079871 5.370976 3.220577 1.896372 0.963471 1
73 -24 -54
-1 0 0 0 0 -1
0.918054 1.050356 1.071030 4.448377 58.044423 43.237811
1.181750 7.889258 3.858862 2.844267 1.257769 28
-98 8 -42
0 0 -1 -1 0 0
0.830733 1.100352 0.867733 3.104426 40.616439 16.390857
0.931173 5.862596 3.756287 2.913454 0.868054 4
81 52 67
0 0 1 1 0 0
0.795653 1.196763 1.252992 3.524283 22.141889 7.294182
0.878765 7.553425 2.828064 1.466403 0.814004 37
37 -26 12
0 1 0 0 0 -1
0.827086 0.992869 0.807491 4.194162 18.879166 16.108341
0.941608 4.946017 5.777085 2.401316 1.224361 1
-74 23 13
1 0 0 0 0 1
1.033144 1.080847 1.238882 4.260934 43.981098 25.543643
0.982539 5.127197 3.779788 1.272064 1.262563 14
-68 -63 -22
0 0 -1 0 -1 0
1.079782 1.211031 1.108537 4.319626 12.265348 6.913732
0.972433 5.713950 7.142577 2.378572 0.789234 38
63 -11 -69
0 0 1 0 -1 0
1.042800 1.100739 1.214405 3.633492 2.597454 15.660267
1.195321 7.283011 1.898973 1.736107 1.280178 4
65 -64 100
-1 0 0 0 -1 0
1.272919 1.223293 0.886652 3.033232 8.442366 37.641699
1.050240 8.163669 4.792085 1.603075 1.099273 2
-35 6 -89
0 1 0 0 0 1
1.295116 0.785942 0.853894 3.885141 4.410852 6.155264
0.900147 5.046751 6.889873 1.078349 0.793092 46
-21 -45 -7
-1 0 0 0 0 -1
1.032446 1.218557 0.822974 3.540054 50.090786 32.507711
1.267905 7.989965 4.139299 2.599096 1.038087 10
-90 58 -79
0 0 -1 0 1 0
0.801776 1.083008 1.119310 3.458537 21.705111 9.566702
1.261495 3.203358 4.338918 2.836247 0.842320 43
-25 -7 33
0 -1 0 0 0 -1
0.874849 1.144104 0.867990 4.212439 45.216840 46.508548
1.113501 4.514661 1.128410 1.846033 1.233321 11
64 -60 -48
0 0 1 1 0 0
0.997253 0.874526 1.080923 4.018797 62.061034 14.676192
1.068721 7.696422 1.902710 2.963614 0.914298 40
14 -78 7
0 0 1 0 1 0
0.945455 1.246405 1.133543 4.241011 59.412344 35.698714
1.245341 5.682263 2.518655 2.102286 0.792730 39
61 59 76
0 -1 0 0 0 1
0.876086 0.792921 1.216421 4.472002 12.086703 25.704763
1.046085 5.084693 5.496618 2.738882 1.266391 12
4 40 -25
0 -1 0 0 0 -1
1.088168 0.865910 0.960841 4.216432 16.715753 38.418221
0.825440 6.473027 1.522710 3.426761 1.289321 8
95 -14 38
0 1 0 0 0 -1
0.878499 0.872772 1.040655 3.996560 15.312453 34.351649
0.830812 8.330068 2.044212 1.636769 1.077529 29
-93 -100 -91
1 0 0 0 -1 0
0.814940 1.260689 0.846057 3.767835 55.866625 24.219591
1.184500 3.987982 4.757705 3.059876 1.065192 19
-73 51 -16
0 0 -1 -1 0 0
1.291903 1.070650 1.024383 4.167974 42.202949 17.323567
0.961745 6.592246 4.509377 1.362952 1.156285 22
67 28 -34
-1 0 0 0 0 -1
1.280887 0.944091 0.909676 3.959587 50.719432 29.839819
1.039543 4.502548 6.337564 2.254816 1.200561 32
100 34 -19
1 0 0 0 1 0
1.242751 1.234396 1.048964 4.189880 43.357658 5.878361
0.997943 5.049184 3.680557 1.490317 0.884193 43
88 85 7
-1 0 0 0 -1 0
1.116891 1.067979 0.867354 3.110092 57.589764 12.729399
1.194026 4.560706 8.280465 1.156668 0.989634 26
-91 -11 -97
0 0 -1 0 -1 0
0.799137 0.833808 0.939124 3.285353 31.016705 35.991689
0.898318 7.256196 4.701099 3.192986 1.124797 26
-55 52 -24
0 0 -1 0 1 0
1.200027 1.175604 1.177395 3.157018 4.353721 35.674115
0.933871 6.365676 1.595351 1.508400 0.865484 15
19 98 -96
1 0 0 0 -1 0
1.044259 1.224509 1.054571 4.984376 27.391684 1.611393
1.012248 3.371392 8.108166 1.227910 0.814313 33
45 -33 15
-1 0 0 0 -1 0
0.849036 0.813014 1.013569 3.645733 26.656517 14.373690
0.827957 5.551669 1.671558 3.452522 1.113596 13
-12 -8 50
0 -1 0 1 0 0
0.962673 1.240844 0.881828 4.405291 12.365082 45.596417
0.911518 5.066691 2.458040 1.984726 0.935327 38
-47 49 -69
-1 0 0 0 0 -1
0.823422 1.174023 0.890619 4.422873 24.168244 4.053045
1.220222 6.172387 1.979987 1.604433 1.023971 45
-71 -92 1
0 0 1 1 0 0
1.195970 0.876552 0.898812 3.769220 16.499638 24.544819
1.027016 4.453791 4.486049 2.969265 1.158478 32
-42 -10 93
0 1 0 1 0 0
1.170350 0.987956 0.948249 3.534579 17.212091 23.503641
1.014259 6.540633 7.381161 3.163818 1.172549 21
-93 23 90
0 0 -1 0 1 0
1.046621 0.920878 1.136145 3.701806 41.592972 13.547936
0.875378 7.076513 7.309586 2.060361 1.048340 6
-58 21 -91
0 0 -1 1 0 0
1.167122 1.012945 1.238741 4.085619 41.339261 30.621078
0.810387 5.220882 4.300608 1.535530 0.823903 19
-36 44 44
0 1 0 0 0 -1
0.820735 1.182962 1.086904 3.961720 14.889716 32.585439
1.210388 5.679349 7.235054 2.717753 0.920666 19
-97 69 -14
0 0 1 0 -1 0
1.213704 0.940752 1.177439 4.706481 45.465787 10.417031
0.940580 6.917898 7.223805 2.346403 1.207787 26
74 -38 -46
0 0 1 0 1 0
0.945145 0.795077 1.214288 3.427452 15.594399 24.192016
1.299677 7.328232 8.146856 2.959369 1.206187 35
-20 -61 -78
0 0 -1 0 -1 0
0.967253 0.926059 0.975719 3.583683 41.859873 17.934143
1.056542 6.553760 6.401227 2.832537 1.287105 37
-6 0 -43
0 1 0 -1 0 0
1.084525 1.232077 1.095783 3.117090 41.029200 24.461912
1.201244 3.018618 4.622465 1.108398 0.943020 37
-71 -8 83
1 0 0 0 0 -1
0.814143 1.227801 1.225032 4.181790 23.379415 21.105436
1.211807 5.642479 2.569314 3.387840 1.180686 25
49 -90 -32
1 0 0 0 1 0
0.834244 0.957344 1.013649 3.924167 59.123270 46.308566
1.027155 3.663349 3.820438 1.523255 1.294694 32
6 -90 -58
0 0 -1 1 0 0
1.138175 0.792584 1.152764 3.476405 8.665141 18.649628
1.094725 7.263576 7.014748 2.709313 0.996220 44
63 8 65
-1 0 0 0 1 0
1.178348 0.960203 0.822137 4.801622 15.346958 23.925115
0.886844 7.009527 2.194465 1.207107 0.860805 16
-80 34 34
0 -1 0 1 0 0
1.259353 1.161285 1.148972 4.842991 55.221622 21.984157
1.297059 4.986011 5.963983 1.273890 0.806277 34
69 77 39
0 -1 0 1 0 0
1.232216 1.247303 1.154882 3.256154 20.277846 32.114834
0.879867 6.272469 7.858701 2.608856 1.212953 13
38 -93 -31
0 0 -1 0 1 0
1.212619 0.811494 1.177954 4.526392 38.871117 8.684538
1.095371 3.461525 3.915100 2.221653 1.075779 29
66 -49 -95
-1 0 0 0 0 -1
0.944549 1.267730 1.268987 3.341694 41.966182 47.460516
0.976227 4.960402 7.935987 1.654050 0.834708 6
-11 -37 29
1 0 0 0 -1 0
1.026556 0.910609 1.286306 4.504988 54.941636 23.136291
1.002263 7.271733 3.188043 3.445129 1.167649 40
11 -9 -12
-1 0 0 0 0 1
1.044649 1.138467 0.883709 3.101425 44.160252 30.789820
0.907470 7.301528 8.301134 3.063101 1.109925 33
98 -9 100
0 0 -1 0 1 0
1.084593 0.987415 0.814388 3.019532 34.893516 3.589122
0.987009 7.196838 5.957665 1.832080 1.289052 15
-36 11 -20
1 0 0 0 0 1
1.097922 1.108804 1.140470 4.251290 25.708707 13.163669
1.080255 5.020590 5.308727 1.990941 1.074031 30
-12 19 45
0 0 1 1 0 0
0.931789 0.842829 0.837835 3.327683 52.284385 33.454126
0.989075 8.017319 3.044531 2.436208 0.794306 36
-41 65 -58
0 -1 0 1 0 0
0.992684 0.831789 0.956308 4.256496 33.634412 23.573318
1.116048 5.450907 7.385238 2.908052 0.973305 15
-97 -38 53
-1 0 0 0 1 0
1.292360 0.921421 1.002572 3.584908 55.711436 15.825630
0.902468 5.291597 4.159337 2.162038 1.152256 37
-2 -26 -32
1 0 0 0 1 0
1.019730 0.999628 1.108522 3.504855 35.746288 21.598362
0.793099 3.001621 2.590864 3.408952 1.131989 18
-13 87 26
0 0 -1 1 0 0
0.978544 0.876087 1.177218 4.066013 41.219381 27.798913
0.794457 7.426390 3.832245 1.142059 1.110085 6
-70 -82 35
0 0 1 1 0 0
1.029854 1.156274 1.074813 4.879174 10.568946 28.265816
1.296946 6.575784 6.710750 1.528004 1.147811 43
45 65 34
1 0 0 0 -1 0
1.179833 1.287170 0.799883 3.534145 59.108876 38.604129
1.116473 3.643425 1.988425 1.651441 1.169776 8
12 -40 -26
0 1 0 0 0 1
1.233462 1.124369 1.130448 4.608011 25.832708 20.700785
0.805244 3.790618 2.506260 3.157981 0.986885 46
60 67 87
0 -1 0 0 0 1
1.153643 1.294202 1.131288 4.337526 45.185613 15.415877
1.207599 7.632721 3.591427 2.151872 0.872551 18
-57 24 -1
1 0 0 0 -1 0
0.968594 0.791756 0.906475 3.033805 20.980366 39.492993
1.134703 6.090614 3.736891 2.745427 1.028465 7
42 -69 -37
0 0 1 1 0 0
1.178013 1.283588 0.988317 3.092454 47.944961 11.784060
0.882936 4.862464 7.789423 1.284742 1.061002 28
-10 46 -99
0 1 0 1 0 0
0.845537 0.902259 1.186123 3.072950 31.500671 30.990787
1.015334 7.555631 4.250596 2.957679 1.145889 20
-61 39 -44
0 0 1 1 0 0
1.238786 1.139173 0.860879 3.992475 9.338840 2.898395
0.908155 5.636298 7.728416 2.571322 1.054179 18
98 92 -27
0 -1 0 0 0 -1
1.222007 1.080179 0.942270 4.342175 36.471958 27.091958
0.879650 6.299995 3.483118 2.548249 1.299072 26
67 58 -82
0 0 -1 0 1 0
0.932066 0.858577 1.266927 4.716806 62.335348 1.329848
0.891355 6.907407 8.180894 2.504990 0.807574 19
94 45 0
1 0 0 0 0 1
1.228485 1.186943 0.832134 3.671139 59.415217 9.188419
1.252240 7.733753 1.645511 2.377208 1.058982 19
49 63 -54
0 0 -1 1 0 0
1.085030 0.950688 1.116413 4.669456 2.043628 12.650110
0.876567 5.809815 5.439258 1.368124 0.883977 41
-54 11 -26
0 0 -1 1 0 0
1.272716 0.801183 0.817459 4.447733 44.056695 43.913477
0.971562 4.419435 3.871628 3.278117 0.816179 34
-37 -57 -18
0 1 0 -1 0 0
0.959080 1.167813 1.237953 3.019465 16.812369 43.885694
1.046793 5.890326 6.508018 2.753817 1.068711 41
79 -15 21
0 1 0 0 0 -1
1.178900 0.802952 1.256299 3.701106 40.275630 38.502103
1.189102 8.232800 3.434036 1.225561 1.104971 27
-100 93 44
1 0 0 0 1 0
1.218480 0.966614 0.848654 4.151030 22.313839 2.441790
0.887137 3.132802 1.012588 2.886090 1.240476 35
-6 65 -65
0 0 -1 0 1 0
1.045972 0.858775 0.817751 3.984231 52.459498 24.129940
1.096376 3.933783 6.597946 2.147933 1.237845 23
-95 -5 18
1 0 0 0 0 -1
1.239281 1.017936 0.822311 3.228471 54.840426 7.550369
0.914297 8.071676 4.862576 1.455301 1.021244 9
13 -39 -98
0 0 1 0 1 0
0.897845 0.835152 0.904770 3.880975 41.883668 44.838568
0.836883 6.620211 7.820502 1.737491 0.840328 40
85 75 -94
0 0 -1 1 0 0
1.199904 1.069577 0.894013 3.441426 7.040626 7.092458
1.229623 7.232391 4.366489 2.395764 0.957132 37
-72 -49 -74
1 0 0 0 0 -1
0.912167 1.076083 1.291814 4.695423 6.463703 3.947376
0.945406 3.314638 7.221796 2.408007 1.272024 41
-13 1 76
0 0 -1 0 -1 0
0.947132 1.066160 1.122508 3.585022 8.086813 2.247709
1.008871 6.820526 4.623151 1.031893 1.264479 14
47 59 45
0 0 -1 0 1 0
1.089107 0.974338 1.251826 4.412577 58.902569 11.264021
1.131937 4.900270 4.094536 3.398047 0.797715 30
16 -92 14
0 1 0 0 0 1
0.786927 0.796613 1.219798 4.148407 16.055219 29.872389
1.178772 3.992803 3.108140 1.166242 1.166526 40
68 1 84
0 0 1 1 0 0
1.019306 1.182875 1.211520 3.451476 55.252661 29.465043
1.175260 5.118676 7.709682 2.538986 1.001461 9
78 28 -100
0 0 -1 0 -1 0
0.859408 1.268069 0.988557 3.287176 50.853982 32.684592
1.121037 3.770882 1.116442 2.946189 0.937372 1
53 22 15
0 1 0 1 0 0
1.223156 1.211943 0.985703 3.357281 11.471434 34.566800
0.907499 5.489233 7.656601 2.599729 0.815367 41
-27 -59 -81
0 -1 0 0 0 1
0.786559 1.205020 0.942030 4.903290 12.846552 4.970685
1.245884 7.915276 2.026025 3.032763 1.005560 13
69 -18 33
-1 0 0 0 0 -1
1.113482 0.915439 0.817304 4.737761 19.193271 43.338829
1.266801 3.750577 4.569858 3.461918 1.237249 29
61 33 87
-1 0 0 0 -1 0
0.835890 1.105958 0.847012 3.677941 25.227224 48.353899
1.137191 7.469201 1.250891 1.155937 0.945057 12
75 26 56
1 0 0 0 1 0
1.055133 0.802735 0.792159 4.263874 9.303191 28.571267
1.147796 5.546692 6.584086 2.139491 0.926142 36
72 -46 -98
1 0 0 0 1 0
1.010719 1.276248 0.885181 4.432527 28.875489 3.623709
1.056444 4.897162 5.393283 1.083729 0.860624 46
-6 49 100
1 0 0 0 -1 0
1.038271 1.050863 1.065212 4.602113 44.575071 44.985833
1.225533 4.089560 8.175936 3.021090 1.256185 29
-54 72 55
0 -1 0 -1 0 0
0.794571 0.962136 1.251161 4.381433 44.032922 38.483538
0.812193 3.953553 1.661606 1.774055 1.029936 2
61 -33 -71
0 1 0 0 0 -1
1.266158 0.974380 1.206999 3.798416 26.451943 9.914155
1.183956 6.345117 4.981362 3.276043 1.101300 46
37 -32 89
-1 0 0 0 0 -1
1.107922 0.849445 1.166718 3.547114 13.901671 44.493136
1.094663 5.503441 4.824257 1.516586 0.954898 26
37 77 30
0 0 -1 0 -1 0
0.974142 0.987382 1.167955 4.669604 46.321246 46.301149
1.108465 4.662277 6.909238 1.139655 1.097249 39
-72 -66 -20
0 -1 0 -1 0 0
1.296456 1.095927 0.860526 4.389255 15.739827 42.956519
0.977215 4.884397 2.734419 2.948267 1.280353 7
65 76 40
0 0 -1 1 0 0
0.809775 0.810679 0.967620 3.081951 3.777202 23.840357
1.068411 5.953815 3.443302 3.071462 0.823730 14
58 24 -19
0 -1 0 0 0 -1
1.181381 1.162783 0.950832 3.304929 40.186921 2.826326
0.977698 6.971794 4.590510 1.923690 1.031683 16
-52 -63 -57
0 0 -1 -1 0 0
1.045913 0.863873 0.990161 4.958302 12.293454 43.481660
1.048593 8.172202 6.573533 1.867998 1.010702 28
83 54 -28
0 1 0 0 0 1
1.240900 0.914382 1.228835 3.511093 5.826592 14.774397
1.052401 7.652552 1.162035 1.662892 1.153359 24
-42 95 -38
0 0 1 -1 0 0
0.920353 1.256320 1.051791 4.274574 41.928103 30.910231
1.202971 3.426824 2.072258 3.427619 1.093482 46
-85 10 78
0 0 1 0 1 0
0.917706 1.164374 1.050511 3.488285 40.344484 7.865824
1.299538 7.580245 1.794943 3.322457 0.878439 5
92 84 -47
0 1 0 0 0 -1
0.936106 1.107039 1.116848 4.183919 2.962876 22.037869
1.230694 5.098045 5.685418 3.159124 1.299455 13
-16 -91 -32
-1 0 0 0 1 0
0.807535 0.899976 0.899642 4.199776 53.113825 35.652308
1.135882 4.904433 5.648108 3.076004 0.946101 1
23 45 16
0 0 -1 -1 0 0
0.990648 1.151817 1.142217 3.565243 37.000083 26.365639
1.095296 7.985266 3.528322 2.709606 1.254955 32
-5 -70 80
0 0 1 0 1 0
1.177221 1.148969 0.924121 4.028582 22.710196 30.215114
0.938263 7.189996 2.445197 2.654826 1.078986 44
45 11 85
0 -1 0 1 0 0
1.016199 1.020808 0.792996 3.715218 39.874822 42.432330
0.922570 7.969265 7.252437 2.763632 0.886457 27
-99 -33 -54
1 0 0 0 -1 0
0.891093 0.991913 1.205907 4.601435 4.346833 46.991411
0.925759 7.813261 4.345168 1.898305 1.280178 16
-5 75 -86
0 1 0 1 0 0
1.049681 0.960653 0.904065 4.173071 59.008510 13.410862
1.200872 7.894536 1.488822 2.458604 1.024550 43
-68 -62 -50
-1 0 0 0 -1 0
1.195882 0.822584 0.860038 4.369333 27.338378 5.300205
0.900028 7.408308 6.934459 1.798200 1.254316 17
-20 77 -93
0 -1 0 0 0 -1
0.919032 1.026153 1.077005 4.786600 23.471414 37.586874
1.096294 8.230292 3.736499 2.599537 0.972384 33
-52 48 -89
0 1 0 -1 0 0
0.957491 0.803206 1.276235 4.060953 55.864403 46.558048
0.815524 7.738066 6.597614 2.502633 0.876343 18
-15 98 54
0 -1 0 0 0 -1
1.045220 1.115306 1.236474 3.424525 43.267013 6.415662
0.847145 6.117236 4.854833 3.426822 1.191022 33
-22 -58 77
0 1 0 0 0 -1
1.111726 1.200392 1.296999 3.848591 55.960132 37.454156
1.170329 3.689584 6.281996 3.239844 0.988396 14
64 83 90
1 0 0 0 0 -1
0.799735 1.189571 0.867092 4.378864 29.748962 7.084639
1.012615 6.860033 1.402671 2.897574 0.795733 39
-34 72 83
0 0 1 -1 0 0
0.953265 0.998591 1.185790 3.294676 34.621024 34.920833
1.069439 5.126845 6.483429 2.454549 1.121770 22
-47 -32 -66
0 0 1 1 0 0
1.259801 0.869793 0.955963 3.107770 34.132681 45.549144
0.892121 7.778518 2.952167 3.198168 1.250661 27
-30 -91 -46
0 1 0 0 0 1
0.950752 0.798319 1.289026 4.568689 28.572429 47.255116
1.249380 6.472632 7.919361 2.590798 1.200196 7
45 65 -18
0 -1 0 0 0 -1
1.204212 0.960012 1.215393 3.766727 5.194462 28.915576
0.835235 7.079056 5.776739 2.040698 0.789356 44
36 10 20
-1 0 0 0 1 0
0.875627 1.176368 1.093314 3.198304 26.801653 17.417029
1.207207 3.224325 7.572257 2.413314 0.887581 31
-19 -29 -20
1 0 0 0 0 1
1.286288 1.203359 0.860228 4.797161 47.405931 2.130818
0.796010 7.064201 6.874211 1.143455 0.954329 22
-9 -58 -16
0 0 -1 0 -1 0
1.133818 0.911286 1.127282 4.035737 43.676736 4.607133
0.939450 7.961129 2.871947 3.431319 1.230163 27
14 -7 89
0 0 -1 0 -1 0
1.190316 1.207298 0.812008 3.483924 36.957750 42.214639
1.156071 4.918863 7.054817 1.498973 0.987565 23
84 2 90
1 0 0 0 0 1
1.232984 1.012197 0.934527 3.435997 55.779232 44.171596
0.986681 7.273571 6.702701 2.632445 0.888604 46
40 84 -8
0 0 1 -1 0 0
0.981180 1.003396 1.182127 3.341990 17.437062 15.095186
1.225846 5.797401 2.781663 1.514008 0.844213 42
39 -64 -51
1 0 0 0 0 -1
1.146013 1.106814 1.037846 4.908140 21.510494 1.534618
1.159187 7.858152 5.450785 2.612020 0.869218 44
50 -37 -88
0 -1 0 0 0 -1
0.888135 1.270685 1.168666 3.135807 56.218424 38.516540
1.043845 4.867877 6.204862 3.407437 1.254223 42
21 11 8
0 0 -1 1 0 0
0.851500 0.931489 1.261022 3.213144 23.551361 42.973129
1.253215 3.123031 6.891177 1.736466 0.832262 21
82 -85 6
0 -1 0 -1 0 0
1.171137 0.902247 1.191722 3.569555 2.266882 39.863115
0.974288 6.637557 3.201399 1.449922 1.218385 31
-78 -77 -80
-1 0 0 0 1 0
1.031944 0.965739 0.962546 3.973968 45.811292 30.333660
1.129468 4.931432 2.417656 2.028230 1.187250 9
44 -91 -59
-1 0 0 0 -1 0
1.058698 0.881154 1.107009 3.592202 39.923432 27.609479
1.022839 3.953318 2.995246 1.262073 1.239600 4
-84 -90 -1
0 1 0 0 0 1
0.950057 0.804065 0.804573 4.459334 36.787494 18.910328
0.889393 4.694157 2.161869 3.032920 0.922320 37
-88 58 68
0 0 -1 -1 0 0
1.271152 1.004390 0.920745 3.497038 35.563789 32.542900
1.162552 4.109957 7.896845 2.352686 1.097325 14
-70 -86 -71
0 -1 0 -1 0 0
1.117835 0.910946 1.199698 4.226729 44.284881 1.478647
1.079269 5.709093 7.830812 2.065546 0.992405 5
-98 -26 -94
0 0 1 1 0 0
0.975604 0.856028 1.227691 4.588824 34.049426 20.623659
1.179831 3.096353 4.828553 3.059335 0.870065 27
42 -68 62
0 -1 0 0 0 1
1.259803 0.963064 1.212905 3.264667 52.463157 3.374440
0.853207 4.147405 3.500688 2.212705 1.040774 5
-87 67 -63
0 -1 0 0 0 -1
1.293206 1.133812 1.110808 3.916504 16.768479 15.520582
1.262025 7.740953 5.555700 1.724888 1.043855 18
72 46 22
1 0 0 0 0 1
1.188562 0.907068 1.151818 4.877425 44.942425 44.462216
0.796126 5.494271 5.022309 1.295466 0.929744 1
55 39 66
0 0 1 0 -1 0
1.192295 1.181533 0.964767 4.093374 23.280772 22.230551
1.101510 8.018862 5.414075 1.104313 1.178761 19
-2 -100 -97
0 0 1 0 -1 0
0.916634 0.862216 1.208437 3.839536 22.786520 22.031075
1.186511 7.413483 4.972497 2.358489 1.018363 1
1 59 61
1 0 0 0 0 -1
0.788686 0.879005 0.957482 4.466173 32.218987 22.440725
0.867754 3.398410 4.786155 2.482607 1.300653 17
16 -88 62
-1 0 0 0 -1 0
1.200526 0.839924 1.089979 4.263823 36.592029 27.730330
1.170742 4.312686 7.375564 2.974524 1.199600 22
-69 -69 -23
1 0 0 0 0 -1
0.983577 1.088186 0.938416 3.780570 51.585189 8.919096
1.201481 7.311093 5.195547 2.014547 0.826757 45
-4 -26 12
0 0 1 1 0 0
1.037334 1.263595 0.854706 3.569218 10.576732 13.225348
0.903587 7.860871 5.334658 1.760258 1.186239 30
50 50 -27
0 0 -1 1 0 0
0.935542 0.908492 1.057477 4.420859 58.139751 18.984509
0.996672 7.682791 6.762979 1.091056 0.929717 32
-92 -25 44
-1 0 0 0 -1 0
0.940939 1.263934 1.277079 4.278105 59.836713 12.731430
1.094907 3.915725 2.346990 2.313065 1.298140 33
50 -51 96
0 0 1 0 1 0
1.053959 1.118363 1.290641 3.037379 22.337466 46.206064
0.838632 7.005841 8.059521 3.295701 0.990215 11
-17 24 -29
-1 0 0 0 1 0
1.194858 0.950882 1.158562 3.339505 43.479737 36.696843
1.300430 5.392135 2.888234 2.373810 1.231468 44
-36 18 -16
0 0 -1 1 0 0
1.210161 0.929859 1.260002 3.053267 61.605659 23.110221
1.155604 7.395806 3.596888 1.577792 0.878729 2
-94 -45 65
1 0 0 0 1 0
1.102186 1.066417 1.087073 3.922126 34.599511 29.405110
1.070166 6.174850 5.844671 1.854496 0.871346 6
60 84 77
1 0 0 0 -1 0
0.827465 1.257638 1.220453 4.166095 20.537775 2.866252
1.263431 3.266229 6.091346 1.252853 1.065854 5
37 5 2
1 0 0 0 0 -1
1.173800 0.991194 1.029496 3.451256 14.315070 11.508227
1.025559 6.660890 4.520891 2.530472 1.072659 14
6 57 20
1 0 0 0 1 0
1.038660 1.187079 1.223239 3.815226 28.702264 4.223858
1.215570 3.860835 7.333900 2.307601 0.916486 3
-1 98 10
0 1 0 1 0 0
1.081085 0.985758 0.987288 4.820796 52.295742 10.611665
0.861863 7.764747 4.599945 1.437433 0.798141 43
-14 87 -85
1 0 0 0 1 0
1.286835 0.853058 0.865598 3.657888 41.482190 13.653724
1.116688 6.830456 2.471759 2.416700 1.294039 36
