0 2 0
145 1 145
190 1 190
2 2 0
29 1 29
100 1 100
38 1 38
134 1 69
7 0 0
10 1 10
23 1 23
51 1 51
84 1 84
139 1 139
142 1 109
192 1 192
5 1 0
54 1 54
59 1 59
83 1 152
98 1 98
128 1 115
3 1 3
2 1 0
20 1 111
28 1 154
171 1 30
4 1 0
30 1 171
49 1 49
50 1 198
167 1 97
168 1 168
0 0 0
2 0 0
60 1 102
155 1 155
2 0 0
126 1 19
174 1 2
2 1 0
68 1 102
99 1 99
189 1 50
2 1 0
2 1 2
64 1 64
160 1 80
2 0 0
34 1 146
149 1 149
0 1 0
72 1 184
2 0 0
81 1 81
193 1 81
1 1 0
35 1 140
141 1 141
0 0 0
2 0 0
158 1 33
199 1 48
2 0 0
53 1 102
105 1 55
1 0 0
197 1 7
0 0 0
3 0 0
107 1 69
153 1 40
172 1 16
3 0 0
46 1 182
136 1 72
156 1 115
0 0 0
0 0 0
0 0 0
1 0 0
92 1 120
0 0 0
0 0 0
0 0 0
1 0 0
113 1 95
1 0 0
32 1 32
0 0 0
1 0 0
48 1 152
0 0 0
0 0 0
0 0 0
1 0 0
154 1 154
1 0 0
44 1 44
1 0 0
39 1 183
0 0 0
1 0 0
179 1 33
1 0 0
86 1 115
0 0 0
1 0 0
19 1 136
0 0 0
1 0 0
138 1 14
1 0 0
58 1 102
1 0 0
163 1 163
0 0 0
0 0 0
1 0 0
73 1 117
0 0 0
1 0 0
69 1 114
0 0 0
1 0 0
135 1 135
1 0 0
133 1 133
0 0 0
1 0 0
194 1 194
0 1 0
94 1 166
1 0 0
198 1 56
0 0 0
0 0 0
0 0 0
1 1 0
12 1 12
161 1 4
0 0 0
0 0 0
0 0 0
0 0 0
0 0 0
2 0 0
22 1 191
166 1 82
0 0 0
0 0 0
1 0 0
85 1 188
0 0 0
0 0 0
0 0 0
1 0 0
127 1 91
0 0 0
0 0 0
0 0 0
0 0 0
0 0 0
1 0 0
82 1 102
0 1 0
78 1 152
0 0 0
1 0 0
180 1 180
0 0 0
0 0 0
1 1 0
157 1 157
67 1 186
0 0 0
0 0 0
1 1 0
6 1 146
119 1 66
0 1 0
27 1 140
0 0 0
0 0 0
0 0 0
0 0 0
0 1 0
55 1 55
0 0 0
0 0 0
