100 100
20 46 99
0 1 0 0 0 -1
1.030947 0.982575 0.987370 4.073764 5.028151 3.433653
0.830803 6.088110 7.919225 1.756679 0.914714 26
100 90 65
-1 0 0 0 1 0
0.937406 0.996833 0.803219 5.635506 12.458769 12.272834
0.970149 7.861895 2.759855 2.889733 0.802659 5
70 -96 6
-1 0 0 0 1 0
0.914457 1.044862 0.819558 5.229943 5.281268 5.112284
1.086346 5.704311 4.447467 3.212104 0.980108 13
92 85 75
0 -1 0 -1 0 0
1.052889 0.886920 0.803663 4.320593 8.239129 6.164237
1.076041 8.285304 6.272503 2.185894 0.941119 21
-55 74 54
0 0 -1 1 0 0
1.011797 0.973432 1.050642 4.133805 1.854273 17.226425
1.072979 6.489385 5.805548 1.021258 0.797043 31
23 42 96
1 0 0 0 -1 0
1.038374 1.061951 1.024819 4.814733 9.304312 6.147251
1.080752 6.677728 4.059218 2.327675 0.876525 22
-29 -73 -42
1 0 0 0 -1 0
0.803776 1.007988 0.821623 5.514785 13.123092 12.353382
0.951204 7.109871 3.217248 3.410428 0.979277 36
62 30 86
0 1 0 0 0 1
0.946418 1.066518 0.792666 3.449098 12.880127 3.719294
0.912585 4.335929 1.950283 3.028770 1.086983 46
-1 51 -99
0 0 1 0 -1 0
0.967546 0.924979 1.037907 5.332335 9.230443 5.586839
0.880421 5.177741 1.361393 1.284208 0.899812 37
15 92 -65
-1 0 0 0 0 -1
0.879920 0.825509 0.852160 4.683274 10.374187 14.189872
0.939499 3.077239 3.095297 1.767172 0.951688 29
-31 -49 -85
0 0 1 0 1 0
0.997963 1.073047 0.855159 5.563801 12.781046 2.223600
0.826867 4.654846 2.036399 1.440786 0.994445 46
-51 -47 19
-1 0 0 0 1 0
0.828296 0.822302 1.025080 5.127621 5.846749 2.706543
1.075313 3.299855 1.081538 3.271364 0.962103 14
74 -92 21
0 1 0 -1 0 0
0.875003 0.861966 0.927243 5.699530 6.743624 16.864682
0.824027 6.208027 4.725738 3.248374 1.014190 43
89 -53 -91
1 0 0 0 0 1
0.885058 0.820711 1.056405 3.014832 7.991595 6.612029
0.971777 7.549618 6.905045 3.374904 1.080709 34
12 -79 23
0 1 0 1 0 0
1.076982 1.006985 1.040522 3.981324 12.031617 10.057237
0.895536 5.291242 3.491138 2.015381 1.057474 15
-59 -39 -26
0 0 -1 -1 0 0
0.846626 1.019122 0.912533 4.619010 8.901526 9.708821
0.967563 7.548834 5.378145 1.513386 1.033666 37
12 -3 68
1 0 0 0 -1 0
0.865900 0.832997 1.019159 4.606141 10.296299 6.235518
1.036344 7.581071 4.289897 2.124144 0.941356 9
9 75 -27
-1 0 0 0 -1 0
0.893266 0.968147 0.813128 5.072017 11.922594 9.839241
0.934966 6.334156 3.896890 1.820655 0.836446 46
-6 -48 22
0 0 -1 1 0 0
0.787440 0.885241 1.067378 3.445203 11.537879 5.027296
0.843323 8.388823 3.998518 2.894796 0.904434 45
90 10 55
0 0 -1 0 1 0
1.046999 1.056892 1.073531 3.141535 3.097358 13.254259
0.820440 4.719225 3.364298 1.080502 0.897660 4
55 -47 75
0 1 0 0 0 1
0.821217 1.013062 0.989088 5.005187 1.733014 11.979184
0.981360 5.318379 5.383279 2.978536 1.028141 17
-57 57 85
0 0 1 -1 0 0
0.899013 1.062006 1.043039 4.517726 2.462819 15.151813
0.892219 3.830882 5.480541 1.180297 0.856326 26
-96 -73 56
1 0 0 0 0 -1
0.855494 0.991653 0.981179 5.236717 8.713475 10.978997
1.043223 6.568319 1.520790 3.506008 0.919664 12
-69 97 72
0 0 1 0 1 0
0.984386 1.078686 0.796375 5.464881 10.008555 12.264168
1.019263 6.936001 3.233328 1.566063 0.973120 36
57 48 -60
0 -1 0 0 0 1
0.957570 0.952278 1.027952 5.750330 5.672663 1.114409
0.852304 7.373010 1.753559 1.474243 1.019535 41
-50 -47 56
0 0 -1 0 1 0
1.000809 0.809071 1.059217 5.750922 12.784345 7.948330
1.018527 7.295060 8.117844 1.462628 0.975773 20
60 -65 78
0 0 -1 -1 0 0
0.827507 0.876122 0.917298 3.949319 4.312536 6.449848
0.831140 7.529411 7.901701 2.234815 1.034752 40
32 9 24
0 1 0 1 0 0
0.977222 0.912439 0.919056 3.867895 6.592991 14.797437
0.867874 3.821681 2.218894 2.396366 0.929744 2
-15 81 -85
-1 0 0 0 1 0
0.923149 0.786195 1.038803 5.362836 7.966418 16.202868
1.041324 3.126971 1.368283 3.571271 0.925421 27
-3 54 -68
1 0 0 0 1 0
0.839396 0.916564 1.075404 4.147024 6.499797 13.535750
0.919111 4.806898 4.812672 1.482368 1.060468 18
77 -48 11
-1 0 0 0 -1 0
0.878504 0.951234 1.043238 5.357700 1.295385 16.331948
1.005438 5.475184 5.756989 2.930500 0.886304 25
-33 58 -16
0 -1 0 -1 0 0
0.841048 0.879032 1.058685 4.570408 5.439121 5.257675
0.962802 3.668218 5.595598 3.259809 1.026750 13
-2 50 -39
1 0 0 0 -1 0
0.909023 1.059529 0.839076 3.097342 10.932221 7.306322
0.801955 7.147939 7.092386 3.443034 1.044073 18
-17 -8 -37
0 0 1 0 1 0
0.942403 0.996567 0.950911 4.123748 5.622841 5.593588
0.921807 3.799312 6.387341 1.641406 0.909634 43
71 -14 31
-1 0 0 0 1 0
0.961335 1.023549 1.010859 3.535579 5.695543 1.707258
0.870228 4.492624 4.880121 3.549998 0.815862 27
-96 -34 64
1 0 0 0 0 1
0.964260 0.837721 0.999356 3.479754 4.054828 2.410343
0.895594 7.894945 5.061624 1.063401 0.928993 21
62 46 -35
0 0 1 1 0 0
0.816471 0.875787 0.911023 4.277480 2.466285 6.309165
1.069473 4.104248 6.238674 3.601111 0.991132 19
-11 66 -2
0 -1 0 0 0 1
0.900906 0.962095 0.834912 3.583553 10.840320 6.033698
1.032337 3.963398 6.528486 1.216318 0.941739 18
48 70 36
1 0 0 0 0 -1
0.940739 0.911440 1.027029 5.051086 9.720382 4.865312
0.799183 5.883985 4.468788 2.275567 1.036076 9
91 -34 -75
0 0 -1 0 -1 0
0.841357 0.802257 0.869479 3.652122 9.080190 9.864401
0.948484 7.140915 6.030025 3.483046 1.081151 36
-35 82 -35
1 0 0 0 0 1
0.852281 1.022477 1.071750 4.344106 6.297517 17.155718
0.809632 4.219208 1.161697 1.695110 1.006218 39
58 -58 65
1 0 0 0 0 -1
0.906849 0.866563 0.978457 5.603889 3.178802 3.023827
1.040470 4.135846 6.493830 2.727984 0.976720 20
46 -66 53
0 1 0 -1 0 0
0.799053 0.987428 0.952019 5.327220 12.337593 14.679258
0.806275 5.643902 3.872620 3.001408 0.882382 3
-5 -62 -17
0 0 -1 0 -1 0
0.936791 1.024911 1.039859 5.643541 7.369661 5.077883
0.966325 6.493969 1.463903 2.527041 0.972880 11
20 -57 -48
0 1 0 -1 0 0
0.923470 1.002485 0.913847 5.114610 2.704195 6.575616
1.020755 4.268573 3.134094 1.307085 0.887525 33
-11 -45 40
0 -1 0 -1 0 0
1.011582 0.915365 0.795128 3.642743 8.766769 10.679691
0.974927 6.961993 4.195823 1.627715 0.897833 46
-62 80 52
0 -1 0 0 0 -1
1.077448 0.938170 0.917192 3.995901 12.799133 15.687937
1.037362 5.332826 1.140037 1.256363 1.086973 8
63 96 -73
0 1 0 0 0 1
1.067531 1.069331 0.931869 3.037818 9.241274 17.272541
1.072674 7.768766 1.470783 2.083607 0.799342 34
30 90 -71
0 1 0 0 0 1
0.963948 0.901810 0.881240 4.545303 3.885268 15.556047
0.897968 6.045734 1.023757 3.005117 0.936184 6
-6 25 -76
1 0 0 0 1 0
0.885815 0.868060 0.961140 4.843533 3.331263 12.836869
0.870104 7.425409 2.148216 1.022584 1.080454 32
84 50 93
0 1 0 0 0 1
1.012424 0.805609 1.061636 4.484525 10.854574 14.034855
0.820114 3.180549 5.218393 1.421528 0.816161 26
21 -73 55
0 0 -1 0 -1 0
0.999790 0.996843 0.848735 3.951422 5.157615 17.528950
0.932925 4.136296 3.069029 3.361996 0.991510 7
-49 -40 -67
-1 0 0 0 1 0
0.838702 0.797832 0.828685 4.673449 3.377688 14.558414
0.860522 5.250439 6.078733 1.263716 0.892613 25
100 2 -62
-1 0 0 0 0 -1
0.978417 0.991411 0.993143 5.435459 6.051493 13.542122
0.830985 4.173111 6.122734 2.417239 0.900553 46
-16 98 -62
1 0 0 0 -1 0
0.815898 0.968934 0.962874 5.050270 11.934005 2.576388
0.856226 6.033642 3.962839 2.597966 0.871955 37
-3 66 -51
0 0 -1 0 -1 0
1.054889 1.018645 1.021551 5.170953 3.026210 12.858217
0.974129 6.863248 6.080749 2.055826 1.087004 18
-50 76 57
0 0 -1 0 1 0
0.922807 0.905649 0.803439 3.949149 10.449415 17.384510
0.958100 3.975882 2.085682 2.757318 0.826932 35
60 62 -53
0 0 -1 -1 0 0
1.033986 1.017614 0.920586 5.696615 2.424979 9.479840
0.816101 3.261228 8.179502 1.500369 0.990457 13
33 73 -76
0 -1 0 0 0 1
0.849766 0.982442 0.940373 5.144880 6.040237 11.054770
1.067192 3.554548 5.410207 3.316939 1.044919 23
-89 -26 -53
-1 0 0 0 0 1
0.969366 1.083139 1.023491 3.424359 4.051799 4.644939
0.985421 6.289953 1.077160 1.063259 0.877888 2
-99 -98 -19
0 0 -1 0 -1 0
0.912523 0.868510 1.019598 4.076709 7.977675 10.307320
1.036249 5.772198 4.267359 1.665869 0.920595 6
-49 56 -89
0 -1 0 1 0 0
0.842644 0.802246 0.786725 3.336519 7.161204 15.989748
0.907508 8.390692 6.431872 2.514586 1.050568 45
-27 52 -11
0 1 0 1 0 0
0.917688 1.025177 0.916172 5.262838 3.034090 13.520004
0.811928 3.959383 7.701185 1.360215 1.014082 33
46 40 30
0 -1 0 0 0 1
0.850454 0.832516 1.066414 3.701506 12.026433 8.836386
0.946838 3.079118 4.512926 3.487878 1.012599 29
-77 -87 -3
0 1 0 -1 0 0
1.040878 1.053738 0.878663 4.772752 2.578864 6.705833
1.018864 5.513757 2.046613 1.020958 0.996803 26
-98 88 12
0 1 0 -1 0 0
0.812068 0.908184 1.060220 4.286069 6.757704 9.658864
0.884806 6.921847 4.732843 3.007634 0.802770 19
-59 -91 28
0 0 1 1 0 0
0.950630 0.797768 0.972825 3.747525 5.081524 16.220093
0.819498 4.754746 5.928990 2.638067 1.022640 33
-94 -29 -24
0 0 -1 0 1 0
1.087004 0.802619 0.941447 4.510164 5.338702 14.493770
0.970698 3.786328 5.680624 2.616067 0.965834 2
16 -17 -48
0 0 1 1 0 0
0.823532 0.948668 0.836175 4.114002 11.692959 17.325128
0.999678 5.912434 5.119797 3.128963 0.972626 18
-84 -78 -65
0 -1 0 -1 0 0
0.797471 0.963054 1.058682 4.350202 6.822948 17.692153
0.915924 7.768972 5.603476 1.201137 0.997914 7
89 -55 75
-1 0 0 0 1 0
0.820982 0.993142 1.019291 4.207734 10.325299 8.513668
0.948787 8.201014 6.025750 2.494480 0.791374 9
31 6 8
1 0 0 0 0 -1
0.907703 0.911584 0.968711 4.646035 11.967422 15.555552
1.020602 6.263016 2.959866 1.089565 0.983990 41
25 74 -70
0 0 1 -1 0 0
0.795896 1.055383 0.809962 3.523277 2.313111 15.102889
0.945935 3.063742 4.601842 2.978083 0.794522 45
-69 6 95
0 1 0 -1 0 0
1.025500 0.907928 1.028851 3.539537 10.134230 9.422686
0.801100 7.996913 3.594889 1.985355 0.883416 36
-80 -17 51
0 0 1 0 1 0
0.792461 0.853310 1.007754 3.734754 2.414545 12.643829
0.846431 5.502651 3.085203 3.159763 1.070001 12
6 67 -72
0 0 1 -1 0 0
0.868716 0.801646 0.924547 4.421371 3.018286 7.126248
0.852900 4.031508 2.922324 3.625456 0.826251 45
51 70 -84
1 0 0 0 1 0
0.961416 0.916909 1.071285 4.441219 10.249963 3.139518
0.811512 3.115109 1.459875 1.445498 1.063678 34
-20 95 51
1 0 0 0 0 -1
0.841812 0.909505 0.952477 5.340454 5.869397 3.214205
1.064669 7.103060 6.764308 2.784203 0.939342 37
7 -59 14
0 0 -1 -1 0 0
0.915589 0.907852 1.010040 4.415715 9.104165 14.596117
1.039882 6.432428 7.289727 2.808966 0.928246 18
-46 5 -81
0 0 -1 0 -1 0
0.799590 0.952804 0.800639 5.743920 8.568557 4.075055
0.837362 6.945290 7.985643 1.370501 0.965439 40
-55 64 59
0 0 -1 -1 0 0
0.959883 0.897213 0.878905 5.505500 12.467942 7.271829
1.057994 4.177341 1.007226 3.603262 0.842849 22
44 59 70
-1 0 0 0 0 -1
0.918645 1.044441 1.009970 3.330416 5.749549 14.926286
0.823210 5.521351 1.829460 1.254278 1.056459 7
27 83 -32
-1 0 0 0 1 0
0.811172 0.973887 0.929303 3.796092 8.576532 6.170251
0.861394 5.777814 3.783712 1.083856 1.023025 35
-58 48 -23
0 0 1 0 1 0
0.918046 0.805511 1.019012 5.092945 11.503571 11.353297
0.816226 3.461294 3.800054 2.984660 0.875898 37
-47 -92 61
0 0 -1 0 -1 0
0.912705 0.953306 0.943531 3.649640 6.591225 1.079277
0.907898 5.367201 3.312520 2.808302 0.804732 42
51 70 -89
1 0 0 0 0 -1
0.850491 0.937557 0.853464 3.824007 2.828876 8.541430
0.854093 7.322032 2.000226 1.348578 1.061566 15
-100 -68 -27
-1 0 0 0 0 -1
1.002479 1.017636 0.967914 5.494336 5.576630 10.698004
1.052980 8.325292 4.941453 1.589222 0.893264 45
-1 -35 89
0 0 1 -1 0 0
0.932510 0.879360 0.945760 5.327494 12.241270 8.083174
0.996566 3.303500 2.391371 2.424690 0.901949 36
-72 -3 54
1 0 0 0 -1 0
0.898469 0.848313 0.814037 4.860020 7.606742 5.045501
0.813319 4.166890 7.762565 3.633145 0.858000 29
-40 -11 16
0 -1 0 1 0 0
0.803451 0.905912 0.894605 3.139948 6.236409 12.731695
1.027539 3.782979 2.810222 1.895569 1.029459 38
-42 -78 -9
0 0 1 -1 0 0
1.013406 1.086351 0.979445 5.159037 2.325722 5.045606
0.906252 5.411798 2.107909 3.090460 0.973693 23
8 -22 55
1 0 0 0 0 -1
0.982643 0.817887 0.919647 4.764869 4.642786 13.337840
0.857066 7.416754 3.258365 2.906199 0.845507 27
69 -15 91
-1 0 0 0 0 -1
0.821326 0.890263 0.871696 4.945729 9.297189 1.407222
0.995476 6.797111 4.106198 2.865671 1.065250 3
-35 35 -16
-1 0 0 0 1 0
0.793360 0.829390 0.840625 3.141141 8.547703 17.085181
1.002135 3.727762 4.189268 1.612657 0.800607 34
75 46 40
-1 0 0 0 1 0
0.863455 0.910453 0.844690 3.340611 8.802897 11.018779
0.791111 5.654513 6.227772 2.996596 0.907539 37
-73 -38 91
0 0 1 -1 0 0
0.992767 1.018206 0.797701 4.806425 2.863010 1.095698
1.071250 7.197541 6.265325 1.275690 1.019129 2
77 -73 -78
0 0 -1 0 1 0
0.973526 0.994673 0.824239 4.262109 10.012443 10.702229
0.968214 7.945757 5.443632 1.648963 0.786302 3
-41 -49 -7
-1 0 0 0 0 1
0.984180 1.046035 1.013144 3.771895 2.254385 17.441733
1.041668 6.795119 2.083170 3.628719 0.871328 36
96 -30 -79
0 1 0 1 0 0
0.962972 0.888228 1.077921 5.402999 9.905010 8.838326
0.818295 4.745512 1.984790 1.297990 0.886505 26
72 -61 -20
0 0 1 1 0 0
0.932906 0.790638 1.059893 5.250678 9.804899 17.209053
1.058956 8.160467 1.556816 3.445423 0.866947 25
-81 -40 -20
0 -1 0 -1 0 0
0.831005 1.058342 1.043204 4.457620 12.890089 13.208460
0.839992 4.254766 6.107081 2.821922 0.984179 23
-90 13 -50
0 -1 0 0 0 1
1.063433 0.949456 1.069633 5.647920 8.077643 16.421506
0.907805 7.959915 3.555365 2.539749 0.905695 39
15 88 -14
-1 0 0 0 -1 0
1.042175 0.816398 1.084163 5.413347 11.173387 11.777364
1.011900 4.029154 5.989907 1.090974 0.901005 7
8 86 -89
1 0 0 0 1 0
0.919837 0.808362 0.939091 4.666768 4.737024 10.014059
0.792368 4.019864 5.171950 1.531496 0.810109 13
43 99 -73
0 0 -1 1 0 0
0.971605 0.816994 0.833789 5.165240 5.386609 2.174730
0.948091 5.011478 1.226957 2.309687 0.804351 19
58 -72 56
1 0 0 0 -1 0
0.998536 1.033369 0.855498 5.063003 2.934344 13.766298
0.929552 7.542315 3.405745 2.973682 1.066757 30
4 -10 -3
1 0 0 0 0 1
0.988405 1.073619 0.896716 3.083754 4.294643 8.029430
0.910992 4.182029 4.973744 2.529403 0.789878 34
75 -36 81
-1 0 0 0 1 0
0.805674 0.962392 0.825241 3.289039 4.777318 6.343510
0.945773 4.782814 6.701782 1.221556 0.931808 44
-1 -21 -62
0 1 0 0 0 1
1.037847 0.914931 0.920954 4.767040 12.947989 17.303193
1.035233 5.935068 2.575654 1.824711 1.073636 14
-99 8 21
1 0 0 0 1 0
0.823983 1.032109 0.846158 3.509188 6.369959 7.874295
0.951760 4.433313 2.405450 1.469359 0.951503 4
88 10 68
0 0 -1 0 -1 0
0.853258 1.021617 0.974255 4.285079 11.473451 2.513133
0.932912 5.823320 5.529446 3.172325 0.875566 39
32 50 -77
-1 0 0 0 1 0
0.822352 1.025892 0.967754 3.274499 3.347063 12.460219
0.894906 7.742110 3.828586 1.750004 0.807081 25
9 45 39
-1 0 0 0 0 1
0.786108 0.971217 1.009849 3.345820 7.567965 15.962485
0.953413 6.560165 1.517153 1.217197 0.886791 13
77 -8 -26
-1 0 0 0 0 -1
0.794225 0.922822 0.839268 5.491183 11.240945 5.564237
1.086537 5.640237 4.371427 3.590066 0.882801 13
-21 74 -88
1 0 0 0 0 -1
0.844791 1.011759 0.916212 3.117260 6.644004 17.644265
1.011306 7.170891 4.775269 3.017183 0.933839 27
86 -20 -39
0 0 -1 0 -1 0
0.846768 0.822555 0.926941 3.264557 8.448301 17.660475
1.047503 5.136056 2.132510 1.100438 0.843232 16
36 63 17
1 0 0 0 -1 0
1.029363 1.016252 0.830225 4.441809 10.165767 4.411219
1.075277 6.700072 5.525930 3.492966 0.805842 48
-12 3 41
0 0 1 1 0 0
0.874486 0.817649 0.852512 3.556890 6.101611 11.612175
0.993174 5.809026 2.972460 3.196958 1.084849 16
-58 12 2
-1 0 0 0 -1 0
0.867988 0.804247 1.064882 4.325173 3.852253 13.359072
0.857602 4.475909 1.899739 2.735317 0.835118 40
-24 -32 60
1 0 0 0 0 -1
0.822687 1.053480 0.896281 4.545614 10.320586 9.389169
0.826162 6.602482 6.789053 1.988362 1.055196 43
-98 -93 28
0 0 -1 1 0 0
1.012338 0.917399 1.034771 5.127300 1.254034 15.446883
1.020684 8.316972 7.148178 2.721137 0.843757 15
-40 2 34
-1 0 0 0 -1 0
0.956680 0.985315 0.900948 5.443912 4.667760 17.160044
0.947569 5.928968 8.124417 3.326581 0.880734 10
-18 39 -37
0 0 1 0 -1 0
1.067083 0.838626 0.829073 4.136724 6.914492 10.548148
1.003984 4.535508 1.838586 1.861755 0.955234 15
6 -26 -5
0 -1 0 1 0 0
0.871644 0.861380 1.072834 4.200378 5.028218 4.351151
1.038697 8.417928 5.606383 3.464134 0.888347 9
-79 -69 77
0 -1 0 -1 0 0
0.969960 1.005098 1.047949 4.751678 6.842360 7.829665
0.897284 6.060039 1.627644 1.151648 0.799674 46
1 -40 2
-1 0 0 0 1 0
0.901690 1.081032 1.004882 3.538802 13.128095 5.707085
0.919559 5.578509 6.488662 1.621712 0.860455 20
-28 -79 72
0 -1 0 0 0 -1
0.998451 0.802355 0.832199 4.459489 4.511158 11.688884
1.021392 6.609296 6.787379 2.536722 0.945626 39
10 72 -86
-1 0 0 0 0 1
0.945627 0.786362 0.917708 4.398943 4.961206 6.784035
0.992937 5.533993 7.457796 2.622911 0.987911 40
-59 -95 98
0 0 1 0 1 0
0.888003 0.960460 1.041003 5.492850 12.011181 4.809543
0.924774 5.702708 3.769016 3.506342 1.078783 8
29 70 66
0 1 0 0 0 -1
0.815457 0.879780 0.800263 4.569182 10.222062 11.759579
1.064907 5.895348 3.066789 1.146107 0.879178 13
11 -61 80
0 -1 0 0 0 -1
1.029146 0.911303 0.971318 3.411247 11.133155 1.314160
0.963213 7.883251 7.867361 2.214852 0.855317 15
-100 42 69
1 0 0 0 0 -1
0.939783 1.011237 1.057549 5.397200 10.667115 6.575908
0.861035 3.482347 5.033687 1.262873 0.978050 45
-82 -95 -89
0 1 0 1 0 0
1.005858 1.010756 0.876185 4.661087 2.317284 4.869919
1.085139 3.295244 1.480081 1.961598 0.795190 39
16 -21 -36
0 0 -1 0 -1 0
1.025729 0.914601 0.917920 4.841548 1.479358 11.366812
0.787150 6.479672 6.984497 1.809977 0.983172 11
10 100 61
0 0 -1 0 -1 0
1.059486 1.041481 1.014674 5.046589 8.072767 16.778367
0.930542 3.405177 6.319804 1.899041 1.044027 34
58 29 -3
0 -1 0 1 0 0
1.006655 0.946904 0.801288 5.204693 12.698350 9.202174
1.006518 5.957802 7.982051 2.468011 0.824026 45
-3 88 -21
0 -1 0 -1 0 0
0.842262 0.804135 0.791181 3.231257 9.234791 5.624763
0.903370 4.576682 4.746058 1.969950 0.896932 38
93 -83 8
1 0 0 0 -1 0
1.055745 1.063703 0.846759 4.423340 2.651417 7.684889
1.025454 3.806635 5.901811 1.361198 1.068192 19
87 73 -21
-1 0 0 0 0 1
0.814657 0.882447 0.827335 4.735514 11.623803 16.604478
1.007836 3.286351 2.433845 1.126276 0.899894 3
43 -16 71
0 0 -1 0 -1 0
0.802281 0.892086 0.869511 3.147584 12.633374 12.338005
0.843988 8.396624 7.168578 1.168442 0.976119 23
-99 -7 92
1 0 0 0 1 0
1.059537 0.893000 0.787828 5.392286 4.473266 17.645903
0.888756 5.292683 5.703548 2.474216 0.838471 15
-2 -3 -67
0 -1 0 0 0 1
1.070028 0.995421 1.048165 4.718742 10.676195 16.282155
0.797451 4.981007 5.152136 2.331378 1.041204 46
-59 -81 21
1 0 0 0 1 0
1.036110 0.940501 1.073234 4.088849 10.102673 9.541673
0.966847 5.403997 4.382371 3.189931 0.888306 35
89 91 85
0 0 1 0 -1 0
0.868678 0.871221 0.826931 4.120316 3.029691 15.781208
0.854284 3.280454 4.623553 2.935743 0.947669 29
-6 -93 22
1 0 0 0 -1 0
0.910353 1.048080 0.925570 3.340652 5.290239 1.971151
0.913900 3.963426 3.009045 2.108203 0.906452 33
4 -9 -20
-1 0 0 0 0 1
1.059379 0.961867 1.063502 3.616670 6.931734 12.339051
0.806610 7.994158 7.270550 1.748518 0.894439 37
-62 48 21
0 -1 0 0 0 -1
0.873815 0.946433 0.844803 3.485329 1.216614 11.038113
0.930072 4.616117 5.451495 2.649187 1.065994 41
-35 59 94
0 0 -1 0 1 0
0.955342 0.861018 0.848352 4.438879 1.644197 13.908987
1.035497 6.285426 3.689174 1.910347 0.852989 33
-26 -46 25
0 0 1 -1 0 0
0.957562 0.839638 0.889386 5.733072 6.964191 11.229114
0.789368 3.670599 6.889294 3.163911 0.925541 37
-1 97 -18
0 0 1 0 1 0
1.023765 0.977815 0.916328 3.875864 12.745017 17.613877
1.071947 5.514642 5.457899 2.085523 0.863048 38
53 97 -84
1 0 0 0 1 0
1.025943 1.081305 1.068043 4.467564 8.735806 5.188374
0.788177 5.578879 7.663953 1.522968 0.902901 46
10 75 -26
0 1 0 1 0 0
0.868226 0.843034 1.061456 4.060884 6.374457 13.610760
0.925051 6.716826 4.024069 3.071173 1.063223 36
88 -66 -82
0 -1 0 -1 0 0
1.066040 0.802986 1.042043 3.009471 8.404022 9.229474
1.078456 8.067708 1.464973 1.039512 1.083852 38
33 25 39
0 0 -1 -1 0 0
0.834240 0.982310 0.864976 5.351832 7.453658 5.419516
1.020069 3.791988 1.937320 3.333258 1.007862 42
11 -74 -15
-1 0 0 0 0 -1
0.786175 1.074756 0.946728 3.303336 7.989210 16.274354
0.994898 3.070725 6.918739 2.426781 0.969957 11
99 52 14
0 0 -1 0 1 0
0.809733 1.002210 0.926851 5.676320 1.668947 16.102532
0.955354 8.230689 7.286062 2.028431 0.878969 8
51 -12 -48
0 -1 0 0 0 -1
1.052665 1.062099 0.820501 4.301092 12.328144 5.844855
1.076381 5.615421 1.352124 2.421272 1.006638 38
48 56 -46
1 0 0 0 -1 0
0.803721 1.075006 0.828618 3.738190 5.181592 17.127101
0.838036 4.035591 3.760088 3.556152 0.865363 3
-63 86 -68
0 1 0 0 0 1
0.817738 1.084699 1.027007 4.215348 3.247729 11.041886
0.820589 5.003636 1.713087 3.245337 0.831994 9
-98 -10 -84
1 0 0 0 0 -1
0.914788 0.795615 0.887618 5.551213 2.600256 6.039422
1.067903 6.750703 6.446337 3.174324 0.970296 42
-87 8 -81
0 0 1 0 1 0
1.001296 0.865540 1.005633 3.917565 9.766538 4.655588
1.041142 4.924773 2.774060 2.701218 1.053069 8
-71 91 -15
0 1 0 -1 0 0
1.020700 0.943193 1.077425 3.447793 5.247416 9.956302
0.989979 7.316473 3.173469 1.161796 0.789915 1
50 -93 -27
0 0 1 -1 0 0
0.857865 0.916374 0.931436 4.051991 9.475503 16.696515
1.065141 3.990583 6.835235 3.377052 0.881167 19
42 -44 -45
0 1 0 0 0 -1
0.904294 0.974463 1.056510 4.623573 13.073701 2.971410
1.069622 3.842204 5.620352 3.297321 0.911043 14
72 -57 93
0 0 -1 -1 0 0
0.906336 0.975428 0.955864 4.924587 9.645822 17.200847
0.840793 3.263942 6.962357 1.064533 0.895138 3
50 58 -42
-1 0 0 0 0 1
0.821154 0.821269 1.030039 4.730788 6.911727 12.125412
0.824801 6.999489 2.289360 1.469346 1.082645 30
79 -68 -92
-1 0 0 0 1 0
1.031024 0.860817 0.975978 3.164124 3.348421 13.860383
0.884529 7.189990 6.964171 2.360378 0.857194 47
69 73 30
-1 0 0 0 1 0
0.933183 0.924891 0.918995 5.046321 12.324784 12.511226
0.823474 5.496794 6.458068 2.200988 0.967677 14
72 4 77
-1 0 0 0 0 1
0.956826 0.929807 0.947564 4.899978 6.903412 6.946671
0.967783 8.059826 3.329932 3.480136 1.063325 5
-96 82 -7
0 0 -1 1 0 0
0.811256 0.916957 0.851958 3.844946 5.710435 2.618528
0.836316 7.031893 4.123078 2.883389 1.024543 46
35 58 -63
-1 0 0 0 0 -1
0.857937 0.987844 0.915627 4.383577 9.269241 7.387063
1.009071 6.110805 6.015388 2.757451 0.957618 1
-38 -38 -39
0 0 -1 1 0 0
0.788152 1.080006 0.835274 5.673257 3.971688 17.632451
1.009947 4.354705 5.008457 2.997888 1.045927 30
11 55 12
0 0 1 1 0 0
0.922706 0.871110 1.022713 3.215065 1.820332 13.038062
1.021515 7.539268 3.922404 2.014289 1.015561 27
67 93 56
0 -1 0 0 0 -1
1.019158 0.816445 1.030389 3.674741 2.874598 9.548069
0.922108 4.235849 6.771510 1.148564 0.879654 8
85 61 47
0 1 0 0 0 1
1.083520 0.967364 0.982319 3.460887 5.276413 4.851347
1.085577 5.464752 7.668169 3.109897 1.038293 31
49 -54 54
1 0 0 0 1 0
1.022168 0.959320 1.035327 5.320977 2.987506 2.225123
0.886052 8.413261 6.750853 1.471021 1.003935 42
24 81 50
0 0 -1 0 1 0
1.038191 0.887112 1.042432 5.081339 2.857563 2.677100
0.965696 4.959703 4.894354 1.063986 0.813597 2
4 -99 -72
1 0 0 0 0 -1
0.991664 0.932391 0.888918 3.310443 4.944913 16.064787
0.913172 6.103482 6.783160 2.799040 1.016759 8
99 -41 -47
1 0 0 0 1 0
0.824773 0.816368 0.901815 3.158528 3.631708 1.730651
1.007747 6.041301 4.630884 2.546299 0.858640 29
38 39 -39
0 0 1 1 0 0
0.819463 1.074695 0.836338 5.720690 2.688846 4.091568
0.899330 3.425273 1.304077 2.292494 0.954909 9
24 -95 61
-1 0 0 0 1 0
0.855240 1.055765 0.903921 3.782324 5.399321 11.954006
0.983635 5.260884 5.596185 2.717766 1.021244 40
-5 -91 -27
0 -1 0 0 0 1
0.787821 0.963128 0.951393 4.882960 10.040991 5.937017
1.057099 8.320083 6.769677 2.289383 0.950891 36
35 85 70
1 0 0 0 -1 0
0.811421 0.994721 0.857417 3.503028 3.559071 13.849939
0.868274 8.277899 3.194268 2.810090 0.899146 18
43 11 53
0 0 -1 0 -1 0
1.080127 0.900419 0.788866 3.801238 4.639927 10.218902
0.987134 7.026744 6.851616 3.053912 0.829820 33
-19 -17 -41
0 -1 0 0 0 1
0.941951 1.052991 0.953040 3.935370 7.081818 14.779603
1.030647 3.420241 8.211712 2.425461 0.990701 47
-21 -95 38
1 0 0 0 0 1
0.927410 0.974299 0.945765 5.394251 8.810807 16.850424
0.966103 7.420737 4.263713 1.343420 0.872097 29
-43 -12 50
0 1 0 -1 0 0
0.844346 1.010983 0.879482 3.298522 2.263008 14.906316
0.832549 5.480610 3.633179 2.902616 0.926171 35
-72 -95 23
0 0 -1 -1 0 0
0.867092 0.905016 0.867365 5.561614 4.251501 4.868283
1.025860 7.032871 4.827037 2.348568 0.797125 1
11 39 -61
0 0 -1 0 -1 0
0.812798 1.007836 0.797039 5.668426 1.651302 12.535590
0.823735 5.329705 6.355292 3.182210 1.077813 41
-1 -95 60
-1 0 0 0 0 1
0.883798 0.842922 1.026564 3.763030 11.708837 4.665394
0.989947 3.681155 1.997140 2.624752 0.786021 18
14 59 40
1 0 0 0 -1 0
1.015563 1.063118 0.846179 5.745936 9.043034 5.486628
0.977622 6.002514 3.409570 2.951476 1.005793 47
10 -9 -79
0 1 0 1 0 0
1.061691 0.840661 0.896095 5.640088 7.952409 14.840927
0.962654 5.940032 1.295020 2.155754 0.868831 47
-70 67 62
0 0 -1 1 0 0
0.809942 0.985786 0.921708 4.673527 9.515172 6.358985
0.912714 7.626647 1.652260 2.099100 0.817429 20
13 80 51
0 0 1 1 0 0
0.896554 0.933026 1.057725 5.561362 4.218918 14.671723
0.950065 3.724410 4.670209 3.014626 0.906342 39
-52 -87 40
-1 0 0 0 1 0
1.015239 1.026339 1.040170 3.056634 9.604480 11.120876
0.985204 4.475265 7.420021 1.304237 0.948293 14
11 16 88
0 1 0 0 0 -1
0.922234 0.931787 1.033419 4.105363 8.968974 11.168112
1.006394 5.575395 1.569694 2.782710 1.039436 47
-98 -92 -38
1 0 0 0 0 -1
0.813551 1.056370 0.788536 5.095039 1.382304 10.545793
0.892933 6.110957 3.573846 2.895694 0.877218 21
-16 22 -68
0 1 0 1 0 0
0.799914 0.813964 0.897968 3.273229 8.370461 13.451265
0.789249 7.644291 5.491884 2.561461 0.927116 15
61 85 -31
0 0 1 -1 0 0
1.040020 1.012447 0.941747 3.866117 9.994822 7.973723
0.823367 5.298614 4.823284 3.651836 0.913390 6
-13 64 41
0 1 0 0 0 1
1.009853 1.032919 0.956230 5.422659 6.540449 6.573096
0.816410 4.733601 7.568046 1.005985 1.012101 19
