0 4 0
60 1 60
76 1 76
155 1 155
164 1 164
3 2 0
51 1 51
176 1 176
192 1 192
7 1 108
151 1 151
1 0 0
33 1 33
2 1 0
59 1 59
88 1 161
81 1 81
3 0 0
20 1 158
45 1 45
156 1 41
0 0 0
0 1 0
133 1 78
2 0 0
11 1 145
130 1 41
4 0 0
12 1 166
42 1 153
127 1 127
167 1 62
0 0 0
3 1 0
52 1 156
139 1 13
193 1 55
153 1 62
1 0 0
122 1 1
1 1 0
19 1 169
54 1 54
1 0 0
194 1 194
2 0 0
49 1 49
186 1 9
1 0 0
198 1 58
1 1 0
117 1 37
22 1 198
1 0 0
100 1 137
0 0 0
1 1 0
32 1 131
14 1 112
0 1 0
179 1 25
1 0 0
25 1 166
0 0 0
1 0 0
195 1 95
0 0 0
1 1 0
39 1 1
146 1 31
0 0 0
1 1 0
82 1 20
200 1 200
0 0 0
0 0 0
0 0 0
0 0 0
2 0 0
8 1 145
141 1 9
1 0 0
131 1 131
1 1 0
103 1 95
72 1 137
0 1 0
138 1 90
1 0 0
101 1 61
0 0 0
1 1 0
165 1 50
199 1 44
0 0 0
0 0 0
1 0 0
74 1 166
1 1 0
56 1 196
10 1 116
0 0 0
0 0 0
1 0 0
15 1 150
0 1 0
166 1 28
0 0 0
0 0 0
1 0 0
62 1 107
0 2 0
21 1 142
24 1 136
0 0 0
1 0 0
174 1 3
0 0 0
0 1 0
170 1 84
0 0 0
2 1 0
9 1 149
37 1 107
185 1 94
0 0 0
1 0 0
168 1 86
1 2 0
87 1 188
48 1 48
116 1 116
1 0 0
68 1 114
1 0 0
36 1 118
0 0 0
0 0 0
0 0 0
0 0 0
0 0 0
0 0 0
0 0 0
0 0 0
0 0 0
1 0 0
135 1 80
1 0 0
98 1 109
0 0 0
0 0 0
0 0 0
0 1 0
113 1 113
1 0 0
2 1 2
0 0 0
0 1 0
41 1 136
0 0 0
0 0 0
0 0 0
0 0 0
0 0 0
0 0 0
1 0 0
79 1 129
0 0 0
1 0 0
99 1 99
1 0 0
152 1 28
0 0 0
1 0 0
55 1 145
0 0 0
0 0 0
0 0 0
0 0 0
1 0 0
90 1 196
2 0 0
30 1 134
119 1 119
0 0 0
0 0 0
