100 100
-74 36 37
-1 0 0 0 -1 0
1.094841 1.031150 1.189099 3.949184 8.885204 4.982691
0.915976 8.011145 5.431790 2.321315 1.202647 16
-10 -9 86
0 1 0 0 0 1
1.100472 1.196804 1.128678 3.041566 1.359310 6.778020
0.941319 4.608324 2.603830 3.388455 1.004633 28
89 88 -7
1 0 0 0 0 1
1.177685 0.923253 1.165538 4.472635 19.131178 9.286436
0.955871 8.526880 1.584658 2.920621 1.019834 17
-27 -5 98
0 0 -1 0 -1 0
1.050076 1.167580 1.114112 3.284683 3.400241 5.399645
1.067448 4.435995 1.832041 2.658594 1.184581 1
13 37 61
-1 0 0 0 -1 0
1.022607 1.134908 0.797106 3.869449 1.739895 5.972720
1.004345 5.710558 4.445020 2.802635 1.185645 43
-93 66 -47
0 0 -1 -1 0 0
0.961496 1.081539 0.986624 4.381939 10.008436 9.001648
0.858771 6.490370 7.191644 1.373437 1.014861 34
-72 -7 45
0 1 0 1 0 0
0.954715 0.963168 0.842836 4.384730 11.285627 2.433030
0.806918 3.319522 2.293979 2.710869 1.206487 18
-76 30 1
0 0 -1 0 -1 0
1.053408 1.190181 0.969555 4.201575 14.570759 9.484090
0.898049 6.141367 3.932210 2.046776 1.104177 34
99 29 -42
-1 0 0 0 0 -1
1.003476 0.941975 0.822061 3.425600 5.261935 9.507234
0.864632 8.035236 2.129925 2.542704 0.814482 39
-8 -15 7
0 1 0 1 0 0
0.914697 1.114998 1.056874 4.197082 21.082905 7.904812
0.856212 6.831553 4.096836 2.303554 1.179442 8
-83 60 -37
0 -1 0 -1 0 0
1.006020 0.890162 0.887031 3.545093 16.931420 9.430179
0.869354 4.079230 1.280931 3.821875 0.791892 21
43 95 -32
0 1 0 1 0 0
1.034172 0.975145 0.788946 3.365378 6.187952 1.418367
1.146041 7.320761 2.621753 3.069718 0.827829 19
51 -92 69
-1 0 0 0 -1 0
0.890495 0.798656 1.072269 4.016899 17.115268 4.582605
1.121126 4.733676 3.137471 2.335829 0.832377 34
-64 74 27
0 -1 0 1 0 0
0.936079 0.922323 0.981493 3.605308 5.357375 9.835573
1.220807 4.162419 5.279725 1.235187 1.006411 1
-69 -75 -78
0 -1 0 -1 0 0
1.208253 0.857461 1.220405 4.257595 17.619383 9.152998
0.941700 7.298589 5.108441 2.820460 1.091719 9
-51 70 25
1 0 0 0 1 0
0.908199 0.804541 0.854884 3.706739 1.572535 6.956843
1.041860 3.326727 1.902329 3.325233 1.126900 38
62 24 -13
0 0 1 1 0 0
1.165739 0.790402 1.146044 3.711785 14.577292 2.407998
1.198094 4.214389 5.301483 3.282861 0.924729 3
24 14 -70
0 1 0 -1 0 0
0.862337 0.818040 1.111718 3.256708 3.229714 3.074142
1.213671 8.014068 3.197489 3.610387 1.212290 13
-9 -2 -82
0 1 0 1 0 0
0.874176 0.909818 0.837980 4.372900 2.591836 1.744954
0.830123 7.179493 3.601618 1.688057 1.112353 11
39 -59 -70
0 -1 0 -1 0 0
1.210598 0.985677 0.897995 3.822338 17.047735 10.812545
1.153759 4.113789 7.482424 1.315368 1.096081 38
-26 -37 61
-1 0 0 0 0 1
1.144699 1.165105 0.838476 3.753700 1.409127 9.493863
0.986694 5.228360 2.040569 1.878388 1.149441 3
-69 53 98
0 0 1 1 0 0
1.129240 1.127442 1.171974 4.512603 3.408819 1.986584
1.122360 7.468131 5.405826 3.560685 1.039850 35
-41 -49 -20
0 0 -1 -1 0 0
0.940610 1.214785 1.068593 4.028257 16.603678 3.407218
1.110390 5.499799 5.717896 1.352063 1.126672 13
98 -14 -80
0 0 -1 1 0 0
1.077097 0.906747 0.973944 4.521965 5.341428 2.662368
1.065562 7.365753 6.275668 3.703629 1.010473 32
2 90 -8
0 1 0 -1 0 0
0.892314 1.105229 0.942719 3.781463 17.078292 10.316499
0.953543 6.013695 7.665159 1.096006 1.021040 34
31 96 49
1 0 0 0 0 -1
1.049637 1.015545 1.026763 4.387446 5.054216 5.291692
0.824310 4.065707 7.354242 1.463527 0.790487 10
28 23 -33
0 1 0 -1 0 0
1.166046 0.896098 1.155675 3.208610 4.417369 3.814323
0.795633 4.942642 7.946059 1.295328 0.882501 1
21 85 100
0 0 1 0 1 0
0.956645 0.959277 1.000951 3.935350 19.977151 7.830002
0.938756 8.130816 5.856528 2.464394 1.179700 41
69 94 32
-1 0 0 0 0 -1
1.134899 0.960297 1.185878 3.369320 6.984016 3.307788
1.163380 4.078285 1.840369 1.296939 0.887852 20
75 -2 -89
1 0 0 0 -1 0
0.874516 0.800382 1.122805 3.482209 7.416281 1.474670
0.901153 6.045726 7.199686 1.223993 0.818885 29
-5 7 -25
0 -1 0 1 0 0
1.013687 1.204041 0.845064 3.585998 13.918946 5.276026
1.114243 7.717609 4.435996 1.110788 1.196493 39
-78 -34 -52
0 -1 0 -1 0 0
0.981073 1.073908 1.131404 3.162131 11.294243 1.531199
0.944619 4.817012 3.597908 2.222393 0.919613 26
-13 100 57
0 0 -1 1 0 0
0.858998 1.118292 0.828640 3.148582 13.269234 8.995350
1.189488 5.027493 2.762717 2.953283 0.933961 10
-98 44 73
0 0 1 1 0 0
1.220775 0.819436 0.981242 3.019500 4.470739 9.981051
0.840204 7.701955 2.769491 2.830757 0.841015 28
73 -27 57
0 -1 0 1 0 0
1.016656 0.838300 1.210924 4.515355 16.118179 3.071690
0.811171 6.349045 7.618383 2.883576 0.927958 37
-97 -18 30
0 -1 0 -1 0 0
1.017834 0.984401 1.111155 3.415343 5.875165 8.294863
0.865708 6.162121 7.436223 3.026846 0.866187 20
68 32 51
0 1 0 0 0 1
1.220207 1.200585 0.904910 4.517232 3.420028 7.154955
1.131835 6.853464 6.080925 3.268929 0.853017 15
63 84 -73
0 0 1 1 0 0
0.899389 0.913540 1.004328 3.474105 18.111908 1.456217
1.106834 7.880011 6.753567 1.881924 1.088915 5
47 11 22
-1 0 0 0 -1 0
1.182229 0.985054 0.874823 3.915814 9.312304 6.558109
1.070173 4.702490 7.494573 2.543567 0.954332 8
14 19 -54
0 0 -1 0 -1 0
0.975461 0.939962 1.016024 3.071139 10.515111 2.463495
0.861882 5.027117 2.366796 1.267883 1.043523 16
54 -15 60
0 0 -1 0 -1 0
1.166497 0.826505 0.900559 3.640195 18.942829 4.187342
0.992316 7.378301 5.177633 3.822439 0.869209 43
-25 51 -16
0 -1 0 1 0 0
0.992496 1.080370 1.211945 3.515153 15.022660 3.861097
0.877392 7.184934 4.086306 2.885745 0.854002 22
-6 -80 70
0 1 0 1 0 0
0.798223 1.189567 0.910966 3.681573 10.004831 5.659235
0.904067 6.004370 8.169947 2.291888 0.902820 16
83 9 97
0 0 1 0 1 0
0.910443 1.113440 0.913859 3.930965 16.576655 1.992017
0.979813 7.040313 6.866755 2.606469 1.060533 21
5 -74 93
0 0 -1 -1 0 0
0.965146 1.177218 0.823948 3.808323 14.802843 1.858408
1.213578 4.679603 2.021664 2.882095 0.992475 19
-92 -16 -92
0 0 -1 1 0 0
0.954820 1.001661 0.800279 3.220004 14.905071 10.422982
0.969788 6.964264 3.054630 1.547774 1.135117 9
-72 48 36
0 0 1 0 1 0
0.832290 1.063072 1.109731 3.525482 3.255372 8.783788
0.870877 5.445738 2.438087 1.401441 1.037096 32
-64 39 57
-1 0 0 0 1 0
1.117552 0.996674 0.872723 3.381120 16.714516 8.760334
0.932788 3.731414 7.086970 3.085651 1.143083 4
-4 60 37
0 -1 0 0 0 1
1.080224 0.964577 1.220017 4.113079 17.550456 9.688079
1.014891 4.379962 1.300373 3.295974 0.861906 3
99 -1 -61
1 0 0 0 1 0
0.904665 0.786861 0.932555 4.545266 17.472427 5.818097
1.164884 4.540501 3.488175 3.275051 0.929061 41
95 34 69
-1 0 0 0 0 -1
1.157463 1.088970 0.932281 3.590109 13.238690 10.372418
0.961051 6.368109 1.729497 3.174614 1.127642 43
62 -8 54
0 -1 0 0 0 1
0.878306 1.057342 1.080073 3.065044 1.228057 2.369711
1.049105 6.562327 1.512164 2.452109 0.943518 18
7 -84 22
1 0 0 0 0 -1
1.105825 1.009280 0.788784 3.638928 12.766502 1.156699
1.121930 8.288317 4.774712 2.615982 1.058677 37
-80 -40 -95
1 0 0 0 -1 0
0.791458 0.879421 0.801053 4.120717 4.422663 4.816117
0.865435 4.404311 6.500543 1.271527 0.948003 29
19 4 -84
-1 0 0 0 0 1
0.798264 1.070228 0.821713 3.275844 16.424926 5.152032
0.938869 8.337595 5.769004 3.314748 1.084013 14
23 63 -32
1 0 0 0 0 -1
1.008478 0.912547 0.926484 3.584429 18.002758 7.044397
0.801976 5.317882 4.848330 2.368222 1.022651 15
-20 90 -40
0 0 -1 0 -1 0
1.025892 1.074970 0.795395 3.033109 4.193208 5.669196
1.029633 4.476653 6.975018 3.104306 1.063449 31
-55 55 61
0 0 1 0 -1 0
1.136373 1.025375 0.896061 3.125004 19.559763 4.675935
1.216535 5.133473 3.194131 2.445264 0.817550 34
56 28 -40
-1 0 0 0 1 0
1.079452 1.081865 0.839568 3.383747 3.892695 8.141308
1.035774 4.631014 2.018018 3.704005 0.804003 42
-11 -12 96
0 0 -1 1 0 0
1.155207 0.935982 0.982487 4.066145 16.962011 9.221362
1.084290 4.811132 4.352358 2.726680 0.848564 32
-81 -48 -73
0 1 0 -1 0 0
1.103418 0.955694 0.885431 4.436717 18.840398 6.382418
1.181397 6.711925 5.483832 2.436521 1.018897 11
-32 28 -56
0 0 1 -1 0 0
1.183019 0.989426 0.844502 4.380108 14.013855 9.484660
1.121814 6.605590 2.176558 1.553035 1.041421 36
35 98 -18
0 -1 0 -1 0 0
1.043166 0.836687 1.193009 4.517860 4.255266 3.211913
0.964512 4.926677 7.970283 2.084553 0.795386 2
43 55 -29
0 0 -1 1 0 0
1.138714 0.999276 0.945374 3.426348 9.050171 9.167923
1.112931 7.606208 1.413246 1.212634 1.045503 24
21 -13 -92
0 1 0 -1 0 0
1.001374 0.798776 1.206769 3.745448 2.148516 1.187100
1.166746 4.112928 4.926980 3.592555 0.798246 19
92 -97 -5
-1 0 0 0 -1 0
0.953819 0.949599 1.030735 3.006552 10.769318 10.808673
0.902682 7.426123 7.637056 1.942588 1.096608 24
22 -70 4
1 0 0 0 0 1
1.154713 1.122458 1.136586 3.493672 7.663276 4.557418
0.887825 5.873462 3.971984 3.543897 0.890397 8
-7 59 -63
0 0 1 0 1 0
0.830358 1.055148 1.174794 3.306277 13.985451 8.745370
0.863655 4.074793 4.639234 1.487377 0.788245 41
-74 96 86
1 0 0 0 -1 0
1.080414 0.801480 1.183577 4.091465 11.327516 10.161767
1.107542 7.071173 6.710134 2.601994 1.213502 9
30 6 -53
0 -1 0 1 0 0
0.852699 1.157225 1.083757 4.059600 2.284282 3.583804
0.833123 3.538735 4.527960 3.031539 0.871514 37
4 -77 11
1 0 0 0 0 -1
0.840193 1.193253 0.912808 3.172242 12.438813 2.067238
0.823421 8.469764 4.969859 2.701428 1.042873 29
99 53 86
-1 0 0 0 1 0
0.858222 0.833810 0.868893 3.999227 1.690180 2.472795
0.921321 4.327252 6.011283 1.228547 1.103934 38
66 63 41
0 0 -1 0 -1 0
1.184700 0.944419 1.201606 3.706304 10.780188 7.658957
1.209525 3.433471 4.016615 1.160631 0.806330 10
-96 17 78
0 1 0 0 0 1
1.208873 1.154205 0.952679 4.271975 19.929773 8.253967
0.970010 4.299011 1.916548 3.261545 0.795808 33
-70 5 99
0 -1 0 -1 0 0
1.099413 0.916976 1.085770 3.950443 9.858423 8.853507
0.977977 4.061630 4.689631 1.305055 0.842275 30
9 38 -29
0 0 1 1 0 0
0.965406 1.158556 0.967508 4.319553 14.134943 10.627090
1.013040 4.507140 7.087894 3.071844 1.160445 35
44 -50 4
0 0 -1 0 -1 0
0.936238 1.202992 1.177626 3.850846 8.790265 8.440907
1.089548 6.758700 5.701403 1.768452 1.117714 7
-51 -47 95
0 -1 0 0 0 -1
1.154974 0.917755 0.960260 4.352015 15.607886 8.574847
1.029274 7.693849 2.493834 2.974973 1.064848 24
-42 82 -16
0 -1 0 -1 0 0
1.019641 1.119770 0.850752 3.092536 1.841215 10.661922
0.866818 5.580255 6.967379 3.131432 0.976878 17
99 22 76
-1 0 0 0 0 -1
1.091496 0.873530 1.003788 3.042658 15.026587 9.142298
1.028625 5.532423 4.426866 3.754968 0.885810 19
-97 -78 -94
0 0 -1 0 1 0
0.813946 1.176499 1.018349 3.368762 15.481160 2.264215
1.192467 3.423445 5.052858 2.473053 0.969249 31
39 -49 -33
0 0 -1 -1 0 0
0.901239 0.853068 1.173694 3.338169 2.720814 9.607692
0.944217 6.806565 5.737291 3.389990 1.208273 4
40 -75 99
0 -1 0 -1 0 0
1.186347 0.896741 0.895589 3.406710 2.126474 1.603689
1.193638 7.229834 7.624340 2.533483 1.163590 29
70 -16 92
0 1 0 1 0 0
1.025559 0.899188 1.068085 4.228592 5.457341 3.871201
0.932471 4.205157 6.576804 2.908623 1.089610 39
57 -54 -14
0 0 -1 0 1 0
0.871732 1.097201 1.153217 3.243674 20.521481 9.700935
1.075858 4.083239 5.445297 2.480178 1.196575 1
-6 -7 63
-1 0 0 0 0 1
0.939308 0.928425 1.038936 3.156796 9.325517 5.153182
0.917167 5.771064 6.237930 1.576628 1.057361 27
-100 -53 -75
0 0 -1 -1 0 0
1.077415 0.895000 0.926402 4.204382 6.702586 3.382623
1.061989 7.848597 1.355811 1.716295 0.860596 4
60 -17 -81
0 -1 0 -1 0 0
1.095540 1.041671 1.098982 3.003528 8.119592 8.451000
0.988248 4.794603 8.043429 3.230574 1.215631 5
-50 72 14
0 0 -1 0 1 0
0.806904 0.936987 1.059765 4.195748 11.876409 9.263291
1.078136 6.984692 6.283661 1.794115 1.122531 27
-1 -48 -55
0 1 0 0 0 1
1.132841 1.001043 0.994487 3.367297 16.695012 9.330493
0.984105 7.236589 7.960231 2.020385 0.876869 39
-19 -17 36
0 -1 0 1 0 0
0.970527 1.000291 0.789338 3.283705 5.343714 9.647081
0.875844 3.500318 7.309030 1.041626 0.886300 10
-35 66 -98
0 -1 0 -1 0 0
1.023290 0.998244 1.145678 3.978306 17.053934 5.986125
0.948173 4.401743 3.576305 2.336103 0.822970 8
100 94 -73
-1 0 0 0 1 0
1.135014 0.907695 1.070381 3.628197 4.026763 8.503483
0.971962 3.718249 7.327389 1.607584 1.212733 43
1 -48 82
0 -1 0 1 0 0
1.167477 1.030340 1.034465 3.970860 15.856824 9.986662
1.062751 5.590789 5.768144 1.438026 0.816887 32
1 -84 83
0 -1 0 0 0 -1
1.163895 0.961344 0.958574 4.503428 5.034313 8.777306
1.017590 6.685832 2.675510 2.105449 0.922463 31
18 -14 10
0 -1 0 1 0 0
0.876556 1.144692 1.177807 3.164712 9.443472 3.853671
0.822802 8.186484 5.682197 2.392731 0.884493 8
94 34 -66
1 0 0 0 0 1
0.915004 0.978232 1.109760 3.708893 14.356838 7.952860
0.906199 6.116259 6.933759 3.497779 1.074984 3
88 46 -82
0 -1 0 1 0 0
1.192876 0.792208 1.046054 4.026479 13.149808 2.252685
1.043921 5.494101 4.660017 2.132588 1.022383 42
-32 -67 85
0 0 -1 0 1 0
1.091832 1.078056 0.964587 3.644183 6.788910 2.935960
1.027445 4.525091 1.245760 2.544619 0.785614 39
4 41 -46
-1 0 0 0 0 1
0.974226 1.087262 0.895530 4.265269 12.369194 10.249812
1.075719 4.323395 7.713866 3.010453 1.086328 8
27 69 -35
-1 0 0 0 0 1
0.944643 0.980291 1.034011 4.291885 13.996637 8.214261
1.035304 3.190749 6.943182 1.668533 0.821049 23
-97 -74 17
0 1 0 0 0 -1
0.928906 0.962543 1.119386 4.466966 18.282273 2.533576
1.001680 4.067885 2.079421 3.396277 1.124834 27
5 80 0
0 -1 0 -1 0 0
0.892423 0.958211 1.181964 3.077420 2.146841 3.850132
0.785566 7.097806 6.146083 3.401825 1.181021 25
14 -30 -12
0 0 1 -1 0 0
1.098932 0.864864 0.833558 4.317421 20.491722 5.390047
0.813125 3.568369 1.663462 1.101641 1.056170 42
-72 77 79
0 0 -1 -1 0 0
0.941324 1.099316 0.909978 3.627151 3.494149 2.335036
0.862050 5.505316 1.929075 2.909485 1.141041 1
61 16 -81
0 0 -1 -1 0 0
0.938350 1.093947 1.166693 3.631586 7.627097 4.237331
1.193320 4.508380 1.485797 1.071605 1.067113 40
-20 -52 -1
1 0 0 0 1 0
1.210987 1.221241 0.785412 4.191121 12.608841 8.873148
1.132128 6.235396 6.106487 3.299462 0.955766 4
-74 8 48
0 -1 0 -1 0 0
0.969335 1.161367 0.844495 4.091372 9.421966 9.956704
1.217365 6.077763 2.768951 1.676680 0.999641 39
-27 -16 -76
1 0 0 0 0 1
1.140309 0.875249 1.038469 3.331758 8.712737 10.298573
1.141630 6.928415 3.295210 2.152288 1.017613 6
83 63 -55
0 0 -1 0 -1 0
0.924261 0.958306 0.845588 4.282418 4.701745 3.233390
1.201467 6.480919 4.485808 3.800749 1.205235 1
-95 -41 -92
1 0 0 0 0 -1
0.968299 0.845979 1.119430 3.773926 8.498224 1.523468
0.880324 5.643480 4.370338 1.018812 1.167116 22
-60 60 77
0 0 -1 0 1 0
1.170423 0.900477 1.042169 3.538778 4.612543 8.643392
0.943591 6.872371 5.471007 2.825746 1.136694 41
-57 8 -31
0 -1 0 0 0 1
0.923378 1.110698 0.879110 3.294277 10.995522 7.860832
1.112694 3.729540 6.283798 1.731570 1.161522 34
64 50 -36
0 0 1 -1 0 0
0.847358 0.853467 0.917062 4.405585 13.991060 5.056227
0.880214 6.262026 5.564338 2.499546 1.180761 15
5 98 -84
1 0 0 0 -1 0
1.108562 0.904400 1.017244 4.195859 10.107019 4.829809
0.991683 5.020560 6.598444 3.152916 0.912816 28
-21 -24 19
0 0 -1 0 -1 0
1.089382 1.046291 1.184835 4.379133 12.877818 7.953659
0.976925 7.633472 1.710990 2.383569 1.188437 22
47 87 51
1 0 0 0 -1 0
1.005558 1.217987 1.208287 3.753820 12.160031 9.578419
1.133000 5.487754 5.120365 1.572876 0.948762 15
-76 -5 34
0 1 0 -1 0 0
1.157382 1.079934 1.171612 4.544019 16.103663 10.299717
1.173434 5.485946 7.453758 1.681921 0.936517 34
-71 13 4
1 0 0 0 0 1
0.816350 1.202741 0.882915 3.161054 11.166457 8.754924
1.082469 5.339037 1.609511 2.810475 1.021564 12
-14 -42 -35
0 0 1 0 -1 0
1.210444 0.882921 1.099913 3.539396 6.866099 9.918699
0.959891 4.029613 6.885750 2.401526 1.189284 12
-71 -82 10
0 -1 0 0 0 1
1.064758 0.930289 0.886785 4.282353 9.361528 10.456241
0.875953 7.004677 5.354565 2.632621 0.838705 43
-75 -18 29
0 1 0 0 0 -1
0.860800 1.060929 0.995807 3.631278 8.715935 9.850220
1.132954 7.208658 6.739232 1.089270 0.825106 15
-55 -12 19
0 0 -1 1 0 0
0.820602 1.080716 1.064198 3.967980 15.851640 9.340463
0.944507 5.515037 4.027134 1.947298 1.093393 30
-61 2 53
0 0 -1 0 -1 0
1.010732 1.039212 1.135845 3.229364 19.067510 8.732134
1.024408 5.157676 6.267293 2.843115 0.974359 32
-98 11 2
1 0 0 0 1 0
1.027834 1.115352 1.062634 4.293523 17.618999 3.383947
0.860218 5.712647 5.043449 1.303774 1.027423 25
58 -2 -68
0 0 1 0 1 0
1.121477 0.786078 0.963961 4.494405 10.727937 4.977917
1.176910 3.140670 1.198306 3.167571 1.200069 32
72 25 -91
0 0 -1 -1 0 0
0.824823 0.894958 0.888760 3.628340 20.785742 8.889744
0.947209 4.618681 1.720970 3.734359 0.798431 34
-52 6 -57
0 0 -1 -1 0 0
1.023442 0.815206 0.881785 4.206437 6.898719 6.740780
0.892625 4.322796 3.536695 1.353518 1.118354 43
55 -75 -8
1 0 0 0 -1 0
0.905932 1.072321 1.059667 3.026465 11.212387 4.243853
1.168129 6.881538 2.824117 2.363322 0.825737 41
58 -38 25
0 1 0 0 0 -1
1.042140 0.907905 1.164513 3.337823 18.953211 10.199046
0.996604 3.260692 5.648954 3.255424 1.078890 19
-65 -55 -45
0 1 0 1 0 0
1.220477 1.109571 1.119158 4.470068 18.277934 8.341359
0.820091 7.418236 3.028995 3.332000 1.207276 25
-99 65 -49
0 0 1 -1 0 0
0.995091 1.083649 0.936742 3.851988 3.454765 4.703051
1.170798 7.332165 1.862892 3.816383 0.992050 2
-60 -67 90
0 -1 0 1 0 0
0.857852 0.996275 0.848251 3.181328 20.205175 6.852718
0.814383 7.410174 4.240787 1.515223 0.874262 28
-91 3 -97
-1 0 0 0 -1 0
1.009252 1.214100 1.095526 3.591639 18.382280 8.051681
1.005561 5.860638 3.747756 2.215209 1.186366 7
21 31 72
-1 0 0 0 1 0
0.978502 1.171599 1.180120 3.558948 21.118166 6.420346
1.058121 6.353571 4.459324 2.742414 1.179570 4
60 -42 -56
0 0 -1 0 -1 0
0.870055 1.009067 0.917515 4.273369 13.240859 1.989851
0.836343 6.148366 7.144843 2.002393 1.189369 31
-11 42 -93
0 0 1 0 -1 0
0.876130 0.906810 0.859251 3.683483 12.125761 3.095673
0.951874 8.276019 2.202759 3.546140 1.189668 28
-12 66 -69
0 0 1 0 1 0
0.907060 1.110555 1.127130 3.597430 3.746675 8.387131
0.863035 5.577484 4.106655 2.650765 0.798534 1
-18 -95 58
1 0 0 0 0 1
0.945806 1.208667 0.865160 3.956688 12.218525 4.555783
1.068359 4.438681 3.354897 2.784910 1.168467 18
9 -36 -44
-1 0 0 0 0 1
0.790933 1.159314 0.796188 3.217022 8.361965 5.167712
0.908504 4.936524 3.847579 2.306980 1.119438 24
-52 -2 -49
0 1 0 -1 0 0
1.169225 1.107229 0.906994 4.020434 3.918620 3.159271
1.049780 6.077243 5.984784 1.406790 1.117555 19
-86 -57 66
0 -1 0 -1 0 0
1.005775 0.891801 0.912155 3.710330 6.029060 7.044150
0.881572 7.209409 1.127251 1.192081 1.095399 43
-23 -80 -15
-1 0 0 0 0 1
1.022271 1.124943 1.116869 4.483476 10.518585 4.277853
0.887164 6.654853 1.881033 1.123040 0.817360 43
-34 -56 28
0 -1 0 0 0 -1
0.819127 1.134317 0.825518 4.487590 9.574144 7.717006
1.100949 7.266543 3.859822 2.774993 1.208470 34
-79 63 -41
-1 0 0 0 -1 0
1.096473 1.163588 1.211345 4.195658 8.818199 8.662087
0.861669 5.643017 7.592181 2.579503 0.887124 41
-55 -66 -24
1 0 0 0 0 -1
0.859734 1.008725 1.111665 3.717498 3.451341 3.054812
0.964108 6.602514 1.248218 1.717112 1.032163 34
97 -72 -78
0 0 1 0 1 0
0.800474 1.071702 0.999089 4.350419 16.677322 1.035878
1.090934 8.156239 5.299602 3.704256 0.896497 6
59 10 -60
1 0 0 0 0 -1
1.157189 1.006551 1.016948 4.120814 13.464082 3.007329
1.222364 3.198567 7.826462 3.769941 1.005751 9
-36 14 93
0 0 -1 -1 0 0
1.177465 0.840637 1.036252 3.323277 20.497631 1.870628
1.122601 5.665901 7.415549 1.246006 0.949571 13
-89 -91 46
0 -1 0 0 0 -1
0.833547 1.045245 1.100063 3.440031 8.191546 5.582717
1.146098 7.373755 5.933666 2.420711 0.994974 10
57 -73 -7
0 1 0 -1 0 0
1.065136 0.986692 0.814537 3.735766 3.484830 9.193092
0.963739 3.933904 3.981769 3.015678 0.947504 43
14 -89 -73
0 0 -1 0 1 0
1.101391 1.094494 0.960390 3.874732 3.969234 3.162567
1.026758 4.917489 4.682751 2.763637 0.807766 9
-26 59 -12
0 -1 0 0 0 -1
1.050536 1.096431 0.865744 3.450761 3.181605 5.911297
1.140558 4.772557 6.757134 3.420411 1.209130 21
42 87 14
0 -1 0 1 0 0
1.190578 1.085906 1.215810 3.186901 3.745433 2.555524
1.103309 6.064237 3.176167 2.676739 1.039387 17
-50 -49 -20
0 0 1 -1 0 0
0.867739 0.889759 0.789388 3.187436 13.496247 7.174244
1.198849 3.630882 7.908142 1.738017 1.054476 19
62 -12 18
0 0 1 0 -1 0
0.800114 1.091680 1.030438 4.070847 9.510323 7.016033
0.995439 7.939735 5.366193 3.759007 1.035810 22
55 -97 18
0 0 1 -1 0 0
0.854652 1.146762 1.146464 3.218536 6.478275 3.990052
1.008338 7.625288 6.474396 1.670524 0.971356 27
38 -70 -57
0 0 -1 0 1 0
0.814769 0.825780 1.209242 3.317491 19.289681 7.495334
1.137972 6.866442 6.713605 2.990875 0.864846 37
74 -54 -5
0 0 1 0 1 0
1.011401 0.913226 0.823940 4.371374 8.959875 4.466022
1.034186 4.942784 4.020933 3.149865 0.896870 43
-26 -82 -68
-1 0 0 0 0 -1
1.016412 0.943486 1.204636 4.343501 4.258825 9.049820
0.890857 5.689115 2.582003 2.673718 1.121455 17
54 -15 -79
1 0 0 0 1 0
0.794340 1.015035 0.957896 3.117023 2.067375 8.174639
0.948301 5.194172 4.898550 2.553172 0.798276 20
76 -95 -38
0 0 -1 0 -1 0
0.942864 0.971990 0.954372 3.155230 5.727597 10.376533
1.068442 3.618496 1.332248 2.957789 0.920474 16
52 6 87
1 0 0 0 -1 0
0.948488 1.103454 0.976024 3.566698 14.475995 10.346358
1.171468 3.643553 6.796403 3.284144 1.136555 32
45 50 90
0 0 -1 -1 0 0
0.790481 0.810177 1.164377 3.958094 12.978778 2.326431
0.908357 3.404992 1.774055 2.284720 0.889620 21
68 0 -67
0 1 0 -1 0 0
1.048986 0.940594 1.055745 3.593469 10.816821 3.899145
0.900134 6.896282 3.909973 1.955903 1.142191 13
51 90 -16
0 1 0 -1 0 0
0.791687 0.981070 1.004901 4.205789 17.178743 8.724558
0.901142 8.313047 3.270287 1.965503 1.016609 39
-41 17 15
0 0 -1 0 -1 0
1.182763 1.010251 1.140353 3.368718 3.832495 5.691698
0.971912 7.163622 5.317882 2.373360 0.861420 27
-50 29 90
-1 0 0 0 -1 0
1.059965 1.031843 0.977850 3.131134 3.768904 2.821149
0.874007 4.875267 7.197688 2.150167 1.083428 18
-3 -6 -73
0 0 -1 0 -1 0
1.217367 0.993011 0.934556 4.133915 18.570016 6.614583
1.110668 5.986254 2.504452 2.492922 1.068017 12
93 68 -26
1 0 0 0 0 1
1.123070 0.943867 1.166257 3.138282 14.491805 9.727698
1.069366 3.483534 6.370813 1.452180 0.916143 25
-7 49 0
1 0 0 0 0 1
1.074664 1.021360 0.929944 3.750734 9.389934 2.095667
0.885914 3.929700 3.308218 1.990863 0.872296 10
-73 61 -42
0 0 -1 -1 0 0
0.872650 1.208521 0.863712 3.144272 4.435600 10.454965
1.045363 4.274657 6.454102 2.232177 0.898041 23
-87 64 -49
0 0 -1 0 -1 0
1.040845 0.978660 0.913089 4.328106 7.764616 4.262740
0.894199 5.918432 4.730329 2.711068 1.057424 42
39 90 60
1 0 0 0 0 1
1.144072 1.182291 0.788722 3.843345 16.948746 9.427364
1.049463 7.053134 6.363811 2.602774 0.910430 26
-86 -87 27
0 -1 0 0 0 1
0.916267 1.211097 0.919699 3.286556 11.888520 4.190918
0.896176 7.783609 2.478031 1.816932 0.815273 20
95 -75 7
-1 0 0 0 1 0
1.125920 0.821682 1.056756 3.483333 18.480317 2.107267
1.035529 7.141850 2.364084 3.504157 1.208002 7
-28 -6 80
-1 0 0 0 0 1
0.992092 1.078998 0.834148 4.507955 8.965674 6.524279
1.109138 8.092264 6.479672 2.063208 0.853139 37
44 6 -78
0 0 -1 1 0 0
1.117898 1.064557 0.942615 3.798398 19.277549 3.274558
1.055663 5.050822 7.405313 1.255646 0.981781 31
-20 96 -27
0 0 1 0 1 0
0.937922 1.137663 0.973948 3.663661 9.867557 1.829422
1.137157 5.256168 8.002354 2.204510 0.984947 37
-10 -47 -1
0 0 1 0 1 0
1.042153 1.186757 1.002213 3.512877 17.030259 4.658923
0.789939 6.115796 7.446166 3.241746 1.083425 38
64 -45 -17
0 1 0 1 0 0
0.878208 0.831636 1.182183 3.611822 16.594405 8.534714
1.196588 5.030729 1.095819 1.387126 0.969205 18
-8 -30 -11
0 1 0 0 0 1
0.856643 0.938100 1.060557 4.506523 7.192564 4.929680
1.083090 7.756248 3.648177 1.184827 1.198506 9
-63 -71 8
0 0 -1 0 -1 0
0.807865 0.878163 1.207927 4.119478 15.042883 7.482606
1.078503 7.041716 7.509223 1.849201 0.796532 26
-15 -29 25
1 0 0 0 0 -1
0.935149 0.911484 0.833866 3.082542 3.257912 5.847261
1.093745 4.850542 7.166754 1.041986 0.826855 31
71 -63 -12
0 0 1 1 0 0
0.789383 0.936302 1.194864 3.553247 17.679107 9.960670
0.965505 5.285522 2.054468 2.667059 1.204386 37
-53 30 -39
1 0 0 0 0 1
1.029983 0.808196 0.940697 3.965096 7.193594 6.280181
1.032860 7.823578 5.719183 3.489475 1.165596 3
-67 -42 21
0 1 0 0 0 1
1.017934 0.921446 1.014158 3.154317 11.341368 9.475952
0.819379 5.506984 7.677624 1.106019 0.915368 16
72 -45 -48
-1 0 0 0 0 -1
0.800603 0.798934 0.870036 4.066345 15.223173 2.822827
0.858804 6.086743 5.134537 1.110673 0.944187 12
36 -26 11
0 0 -1 -1 0 0
1.031492 1.035948 0.860446 3.329273 6.643148 7.890167
0.893705 4.357310 7.925943 2.694524 0.829815 35
-39 5 64
0 1 0 0 0 1
0.931555 1.191984 1.086672 4.107716 5.784022 5.083930
0.898390 5.919717 7.561708 3.032607 0.926127 41
36 -72 4
0 -1 0 1 0 0
0.921866 1.114886 0.892230 4.157763 9.886194 9.018850
1.079576 5.226596 5.225293 1.090308 1.083710 7
15 39 78
0 -1 0 -1 0 0
1.102315 0.844008 1.215655 4.034751 19.016021 9.574683
0.817063 4.816509 3.583780 3.807230 0.820192 13
-30 35 -82
0 -1 0 1 0 0
1.062574 1.009655 1.115144 4.403385 7.464266 7.424985
1.021842 5.027548 4.684623 1.546570 0.951936 8
10 -59 9
-1 0 0 0 -1 0
1.175680 0.950824 0.932353 4.408158 8.029112 5.189135
0.938272 3.140656 6.463131 1.656028 0.878427 42
30 -79 36
-1 0 0 0 0 -1
0.822772 0.888258 1.001071 3.623823 2.058705 6.478315
1.089619 4.393072 4.698888 3.304226 0.810916 39
50 -82 -27
0 1 0 -1 0 0
0.812625 1.042719 1.127939 3.441340 13.562666 2.727915
1.201237 6.847053 6.533803 3.465052 0.935810 39
1 -33 -93
-1 0 0 0 0 1
0.978832 0.977435 0.996790 3.612109 15.200288 1.137316
1.007659 5.321179 7.786475 1.595249 1.108119 13
-57 18 97
0 1 0 0 0 1
1.006180 1.144825 0.887428 4.454060 11.215922 6.706545
1.102069 6.978776 3.597107 2.342088 1.137004 34
-41 -78 99
1 0 0 0 0 -1
0.844861 0.956151 1.179534 3.382221 20.743054 2.075516
0.826581 5.476193 1.602937 1.865231 0.974747 17
91 84 -49
1 0 0 0 -1 0
0.839372 1.173236 0.882615 4.541492 11.445397 9.350490
1.198145 5.982954 3.169485 3.827361 1.220308 17
