2 10
-56 5 -85
-1 0 0 0 0 1
1.559871 1.064798 1.041015 3.275528 47.569915 10.586427
1.405177 12.698381 1.624731 6.303696 1.107869 1
20 -54 20
0 -1 0 0 0 -1
1.493906 1.163833 1.199325 3.102018 71.813858 88.452858
0.971797 15.791677 1.035071 4.479465 1.200353 1
-63 6 -78
0 -1 0 0 0 1
1.038927 1.146881 0.871323 3.563621 40.365836 73.506885
1.543645 19.837071 1.403579 9.490059 1.127702 1
42 11 -77
0 1 0 1 0 0
1.026097 1.448797 1.341911 3.840976 78.470699 76.448611
1.184575 6.966086 1.266094 2.522033 0.966979 1
