100 100
38 21 -14
0 0 -1 1 0 0
1.040427 1.241485 1.236699 4.192135 5.948632 3.796631
1.053612 6.648528 4.680913 3.421727 0.854841 44
-52 67 4
0 0 -1 -1 0 0
0.912368 1.019283 1.357055 4.450392 23.915782 9.328332
1.139996 5.665834 7.152622 2.170633 1.228692 40
-96 97 7
0 0 -1 0 1 0
1.101607 1.358617 1.122538 4.174699 55.202856 15.278308
1.099870 4.864791 6.049857 2.108783 0.935497 42
-38 -41 75
0 -1 0 0 0 1
1.319702 1.206012 0.803711 4.783911 56.858119 19.658603
0.982309 7.473714 6.570311 2.971021 1.357094 2
7 -77 18
0 -1 0 0 0 1
1.067785 1.225367 1.180043 3.124922 7.044885 4.790286
1.006882 4.776661 7.751816 1.707071 1.057848 12
-18 -62 54
0 0 1 1 0 0
0.919629 1.362630 1.324188 5.020016 47.235464 6.496927
1.121417 7.083671 6.409520 2.553040 0.788026 11
-91 95 23
-1 0 0 0 0 1
1.394649 1.159061 1.084501 3.268971 52.220820 13.330441
0.959207 6.339515 6.065413 1.227779 0.872633 30
-12 -22 23
0 0 -1 0 -1 0
0.990337 1.129859 1.184006 3.710137 51.555036 12.099674
1.065928 5.516261 5.915437 3.766815 1.285462 15
3 91 -20
0 -1 0 -1 0 0
0.987409 1.220476 1.234326 4.055511 13.393588 23.614802
0.947292 8.559922 6.348324 2.984059 1.026242 36
0 -42 -11
0 -1 0 1 0 0
0.852323 0.985007 0.992396 4.464067 34.001502 1.385099
1.303672 6.578299 4.650580 3.540028 1.097512 24
21 -22 59
0 0 -1 -1 0 0
1.097877 1.074716 1.164483 4.723600 38.304394 3.645467
1.258709 7.815561 7.127403 2.109176 1.103443 36
56 -100 -48
0 0 -1 0 -1 0
1.077974 0.915753 0.953990 4.157179 46.976128 22.379844
0.981066 3.406448 7.858682 2.124095 1.072134 18
-74 -69 -39
0 0 -1 0 1 0
1.143330 1.374023 0.822389 3.490101 60.870887 25.980663
1.180526 8.435994 1.772667 2.535713 1.144487 29
-70 7 75
1 0 0 0 0 1
1.092447 1.245744 1.381117 5.238924 54.483605 20.214455
1.071480 6.238411 6.167111 3.681012 0.911996 21
-31 47 -89
1 0 0 0 0 -1
0.898134 1.154074 0.937200 3.670785 41.326879 1.301819
1.051350 3.049864 1.635778 3.936492 0.836047 14
33 35 73
0 0 -1 0 -1 0
0.787289 1.382922 0.806738 5.000991 44.903372 15.984342
1.005278 3.866446 1.997728 2.520298 1.193139 35
-23 -32 -51
0 0 -1 0 -1 0
1.353790 1.166626 1.109252 3.989734 32.942626 7.162375
1.011910 7.711889 7.852002 2.339638 1.326174 11
3 -78 77
0 0 1 1 0 0
1.344035 1.321241 1.138700 3.434726 60.880032 8.842646
1.149563 6.155536 2.845911 2.216655 1.148421 2
91 -79 45
0 0 1 1 0 0
1.342967 0.931004 1.314543 3.736425 10.273670 18.762179
1.220602 4.412759 1.534826 2.907251 0.834702 25
19 69 67
0 0 -1 0 1 0
1.372626 1.069101 1.329432 4.892630 24.233730 15.573803
0.831505 7.385506 7.035450 3.445444 1.293902 5
-70 -39 52
-1 0 0 0 0 1
0.796036 0.896917 0.979157 4.022111 24.536369 17.257628
0.820183 5.744011 7.793741 2.644997 1.187572 5
-7 -86 -86
0 1 0 0 0 -1
0.802718 1.057249 1.348406 3.745917 53.578221 17.204072
1.075078 5.110784 5.840529 2.300895 0.936661 14
-91 -62 33
0 -1 0 0 0 1
1.189247 1.232592 1.236672 3.978679 38.694221 6.073664
1.316249 5.266839 3.338622 1.097074 0.822894 1
59 -30 -40
0 1 0 0 0 1
1.036962 0.967781 1.194424 3.280372 18.773533 25.773602
1.139062 8.512981 3.542054 3.546337 0.921633 25
65 -68 -76
-1 0 0 0 0 1
1.282010 1.091457 0.833783 4.647516 28.563609 6.378518
1.276436 6.342202 3.189850 1.392632 1.089026 42
-98 -62 -37
-1 0 0 0 -1 0
0.969665 0.825067 0.867641 3.873504 49.617769 11.023607
0.906482 4.184142 1.986276 3.505124 0.974274 11
80 -96 45
0 0 1 1 0 0
1.030359 0.928304 1.010394 4.169231 37.661931 18.811279
1.140713 7.935248 7.393035 1.207775 0.873154 16
42 35 64
1 0 0 0 -1 0
1.073611 0.990244 0.883341 5.014656 29.166654 15.562318
0.892861 5.083452 7.604179 2.198815 1.019611 34
-99 75 11
0 0 -1 1 0 0
0.801404 1.329047 1.022694 3.173662 39.186755 14.043672
0.947766 7.102906 6.515970 1.622444 1.169484 8
-63 63 26
0 0 1 1 0 0
1.368743 0.979557 1.141285 3.961302 8.812901 16.251558
1.162857 5.883246 4.887850 3.174104 0.902617 42
-71 -78 5
1 0 0 0 0 1
0.797958 1.394939 1.294271 3.940918 42.161393 16.817521
0.889585 4.437136 5.601379 2.588341 0.801815 15
-55 -71 -90
0 1 0 -1 0 0
1.109237 0.825431 1.393987 4.610663 54.122744 22.349881
1.352588 3.398679 4.825496 2.663105 1.218032 15
72 71 -75
0 0 -1 -1 0 0
0.959438 1.102565 0.874534 4.407290 45.408528 24.679376
1.301025 8.610279 2.131647 1.244106 1.073451 40
-33 46 -63
0 1 0 0 0 -1
0.894208 1.159241 1.323290 5.297507 37.849222 4.773830
1.279096 7.744942 2.237517 3.922389 1.148039 3
24 -82 -20
0 1 0 1 0 0
1.338205 1.123005 1.195773 3.461545 58.138309 22.323643
0.879284 5.808501 1.120419 3.540438 0.944475 44
21 -33 -48
0 0 1 0 1 0
0.905967 0.919017 1.383532 4.108022 44.224081 2.552775
1.301361 3.496529 7.150446 2.638728 1.163729 30
29 -98 -10
0 1 0 1 0 0
1.154609 1.135762 1.054908 3.984652 39.983080 16.312637
1.110362 7.888905 3.891364 3.203707 1.070628 36
57 40 64
-1 0 0 0 1 0
0.829368 0.975942 1.259647 4.618408 53.708297 5.965179
1.219724 5.203949 2.690810 2.036745 0.932162 1
54 35 64
0 1 0 -1 0 0
0.794703 0.893357 1.207707 5.201165 12.658715 9.320137
1.289805 3.749161 7.939907 1.632196 0.943104 5
-2 76 6
0 1 0 0 0 1
1.047207 1.286966 1.046127 3.901137 41.713870 13.170115
0.808180 5.520432 2.481918 3.914992 0.845663 12
-66 8 0
0 0 -1 -1 0 0
0.931295 0.812347 1.024683 4.776560 45.636089 3.320976
1.123604 8.101199 2.862338 3.367717 1.145367 33
3 4 25
1 0 0 0 0 -1
0.889655 1.292932 0.906678 4.325707 11.819082 11.091783
1.318110 4.358395 7.598079 1.135138 0.943288 34
-19 -26 -67
0 -1 0 1 0 0
1.345191 1.246874 0.841934 5.060923 46.772559 6.009887
1.249562 4.555402 7.155467 3.607520 1.218625 32
-44 85 -42
0 -1 0 1 0 0
0.900193 1.174211 0.870299 4.575471 2.910995 25.761248
1.367155 7.752428 3.069226 1.929696 1.315333 15
43 61 53
1 0 0 0 0 1
0.864815 1.133006 0.884828 3.353961 26.052449 11.798077
0.875095 6.195031 7.415212 1.564839 0.843401 41
-20 -98 -63
0 1 0 -1 0 0
1.035904 1.210499 1.090862 4.586076 9.585513 1.926094
1.252272 7.652012 7.784439 2.707872 0.785831 45
24 60 77
0 1 0 0 0 1
0.990059 0.916283 0.844654 4.988504 60.279138 20.293975
0.923172 8.158999 7.343971 3.544571 1.270426 8
-47 71 -62
0 0 1 0 -1 0
1.118737 0.949653 1.034198 4.510474 47.032003 7.692416
1.139010 4.855193 6.352505 3.969870 1.166195 32
1 -11 -36
0 0 1 0 -1 0
1.077668 0.874050 1.005840 4.003441 20.369941 16.241179
1.085071 4.434636 5.714484 1.538073 1.108137 9
-38 -54 85
-1 0 0 0 1 0
1.149936 1.367499 0.975043 4.463019 33.860470 5.090369
1.381304 5.284907 2.990236 1.332421 1.362743 24
16 48 -6
-1 0 0 0 0 -1
0.806280 1.050859 1.145541 3.361207 56.938016 1.531077
1.079777 8.091745 8.042855 2.297649 0.870387 2
-50 -81 36
-1 0 0 0 1 0
1.282971 1.342250 1.230536 4.174718 24.424112 25.370765
1.104809 8.618981 7.137423 3.824997 0.878786 20
-51 7 -29
0 -1 0 0 0 -1
1.190290 1.059758 0.838480 3.431113 21.406756 24.402453
1.231108 5.243938 3.144868 3.571783 0.986958 19
18 58 64
0 0 1 0 1 0
1.139336 0.952256 0.949723 3.839644 54.764754 15.065938
1.159642 6.865132 6.795303 2.974800 1.259357 30
4 -65 -95
0 0 1 0 -1 0
0.969135 1.264504 1.272302 5.012856 52.415218 9.594362
1.204259 3.531686 3.362312 2.778601 1.234718 2
67 38 -56
0 0 -1 1 0 0
1.184534 1.008979 1.319976 3.775915 36.671543 11.330455
0.868978 4.711813 1.365521 1.877500 1.274052 9
55 -42 -65
-1 0 0 0 0 1
1.026173 1.300664 0.929558 5.108311 45.130104 18.186612
0.876630 7.067460 4.346702 1.971872 1.218510 5
-38 79 72
0 -1 0 1 0 0
1.134754 0.793815 1.349187 4.996058 38.141690 6.628324
1.165237 4.150650 3.269254 2.930210 1.337549 37
-40 18 -72
1 0 0 0 -1 0
1.194740 1.362007 0.812097 4.857524 53.256372 4.228027
1.340820 3.438364 7.616106 3.806458 1.255608 14
-94 -97 2
0 0 -1 0 1 0
0.808540 1.284655 1.243754 4.824312 49.796248 25.623038
1.082146 8.109751 6.378746 2.998115 0.873717 37
-85 -65 -22
0 1 0 -1 0 0
0.921033 1.107163 1.244754 4.816178 40.400078 2.350383
1.004110 7.680521 6.247336 1.878596 1.077207 18
-67 -9 -81
0 0 -1 0 -1 0
1.351547 0.947006 1.260101 4.267620 41.591097 8.739905
0.851406 4.537554 3.741638 1.152874 0.870508 8
68 58 -51
0 -1 0 0 0 -1
1.368934 0.920905 0.866621 4.421730 42.635868 5.522875
0.863948 6.387489 3.099638 2.551063 1.015320 38
82 -90 48
0 1 0 -1 0 0
1.328832 1.360106 1.311702 4.550355 32.721663 2.432504
1.358532 7.992011 2.048947 2.564103 1.229220 40
-12 89 51
-1 0 0 0 1 0
1.203392 1.249125 1.391853 4.498372 6.973871 16.829124
1.104768 5.385472 6.488480 2.943697 1.226164 24
-57 79 94
0 1 0 -1 0 0
1.373258 0.914711 1.045780 4.867147 16.398680 9.584051
1.246605 8.441879 4.642371 1.758156 1.109451 9
66 1 30
0 -1 0 1 0 0
1.261123 0.795916 1.121272 3.216594 24.685856 8.228035
0.859293 5.751784 6.582417 1.530065 0.914861 4
-100 70 -70
0 0 1 0 -1 0
1.028350 1.341158 1.315203 4.448107 7.493664 12.156803
1.109760 5.188969 7.787454 3.485449 1.072719 24
-73 -71 -74
0 0 -1 1 0 0
1.301394 1.090723 0.788130 4.751759 36.696945 15.497940
1.028759 3.031720 3.966616 1.524601 1.365615 23
-35 14 -12
0 -1 0 0 0 -1
0.917709 1.326644 1.011864 4.818181 42.712099 15.248348
0.857591 4.573791 4.215732 2.064150 1.317797 8
-87 90 -28
0 0 1 0 1 0
1.049719 1.283493 1.257372 3.426555 11.143807 17.590505
1.033382 3.486593 4.783948 1.181731 1.271133 10
15 -27 13
0 -1 0 0 0 -1
0.980112 1.097216 1.005407 3.353238 59.878249 16.975248
1.285874 5.939860 6.363984 1.119210 0.995805 38
48 -24 84
-1 0 0 0 -1 0
1.163878 0.822296 1.116309 5.069307 60.059974 6.793447
0.862241 5.354270 1.558210 1.603496 0.971807 18
40 90 -40
0 0 1 1 0 0
1.239980 1.357096 0.944939 4.189328 21.535293 4.112217
1.074803 3.807057 4.907158 3.410783 1.177175 38
-32 -56 23
0 1 0 0 0 1
0.885059 0.891201 1.082086 4.565088 54.298284 23.754473
0.848589 3.385026 4.112668 1.536975 0.902741 28
-100 23 15
0 -1 0 0 0 -1
1.121167 1.187130 0.993709 3.104818 16.263078 9.341557
1.285972 8.126608 3.166293 2.261233 1.035920 28
64 -80 -57
0 -1 0 0 0 1
1.262790 1.025314 1.064831 4.333229 25.379053 21.979746
0.985496 4.268718 2.177500 3.873146 1.032952 37
36 61 87
0 0 -1 1 0 0
1.136693 1.392966 0.874839 3.762754 58.246645 20.922640
1.079510 3.255959 4.476925 3.802030 1.215845 6
-53 65 35
0 -1 0 0 0 -1
1.345839 1.394642 0.913215 4.160498 25.968722 21.674781
1.141349 8.143071 3.926124 3.706885 1.360162 42
-7 65 -24
1 0 0 0 1 0
1.337556 1.372305 1.296326 4.171290 4.569156 10.689455
1.331561 8.346975 7.471823 3.380260 0.825777 9
85 14 78
0 1 0 1 0 0
1.285603 0.871355 1.333527 4.395866 5.494661 15.213807
1.314641 5.301076 3.892737 2.122726 0.959301 22
-17 -8 -50
0 -1 0 -1 0 0
1.362250 1.284213 1.062570 4.608314 55.962093 24.207760
1.239157 7.378830 1.041099 1.555043 1.352504 45
-68 -97 -100
0 0 -1 0 1 0
1.010320 1.272525 0.850876 3.564954 14.341817 6.846780
1.110954 3.324383 6.022640 1.216090 1.263613 12
98 -86 -71
0 0 1 0 -1 0
1.082723 1.136206 1.176495 4.565308 29.996995 11.148217
1.132297 5.570754 5.962243 1.497392 1.310839 3
60 83 97
-1 0 0 0 0 1
1.201759 1.104087 1.181477 4.960066 24.622956 24.285885
1.145197 7.528144 3.264300 3.988338 1.071267 41
30 -18 0
0 0 -1 0 1 0
1.368518 0.896465 1.364797 5.217980 16.296703 4.306764
1.200350 4.372981 5.739745 3.703590 0.948963 13
35 -6 92
0 1 0 0 0 1
0.986501 1.335799 1.058972 4.119262 46.732929 7.775640
0.813920 7.029546 6.540051 1.494521 0.938722 13
59 -33 89
0 0 -1 -1 0 0
1.048324 1.237325 0.812142 3.784246 31.416037 18.297251
0.881199 3.779725 7.460078 1.177663 1.054610 28
41 -59 67
0 0 1 -1 0 0
0.795986 0.969089 0.815416 4.791109 38.665850 1.820243
1.247470 7.441291 4.321447 1.394564 0.992703 4
59 -61 84
0 0 1 -1 0 0
0.962555 1.222752 0.830192 3.257282 43.266695 17.220230
1.117268 4.865969 5.166756 2.532470 0.884910 15
17 -53 93
0 -1 0 0 0 -1
1.000821 1.387251 1.272650 3.421438 61.109935 14.476893
0.812627 4.758527 5.669563 1.548136 0.855160 34
87 -73 13
0 1 0 0 0 1
1.199463 0.999131 1.338905 4.903968 57.324994 19.463878
1.196750 4.282829 7.035235 2.833014 1.090261 41
-81 95 -100
0 0 1 1 0 0
1.320852 0.956357 1.007122 5.170385 45.008792 21.391698
0.987433 7.969900 3.201152 2.827786 1.369938 30
-90 26 86
0 0 1 0 1 0
0.881803 1.019366 1.279990 4.226261 23.901985 15.966121
1.161544 4.707510 2.161454 3.888165 1.356619 39
-4 16 -93
0 -1 0 0 0 1
0.910767 1.057565 1.069605 5.134645 40.246892 24.199731
0.906015 4.176293 3.600927 2.294691 0.786583 19
-47 -96 -57
0 0 -1 -1 0 0
0.929910 1.354076 0.997085 4.589806 12.222907 5.216726
0.895023 6.011776 7.693503 3.417477 1.389404 38
-2 14 -23
1 0 0 0 0 1
0.983692 1.057612 1.213923 4.962016 47.755445 2.584585
1.391895 4.128444 1.164842 3.236875 1.122080 31
33 -95 39
-1 0 0 0 0 1
0.934970 0.805482 1.209296 4.316332 22.096098 15.986477
1.164324 8.181941 6.787832 2.877711 1.053601 23
45 67 -2
1 0 0 0 0 1
1.393704 1.146735 1.386129 4.997644 15.823529 17.232745
1.204097 4.896856 5.413871 2.600267 1.059631 2
-58 -84 -77
0 0 -1 1 0 0
1.002153 1.302555 1.107408 4.803003 46.212890 3.325539
1.244428 8.087627 6.296446 3.416681 0.944219 3
98 59 15
0 1 0 0 0 1
1.391547 1.251943 0.976035 3.905014 12.118525 1.923847
1.198796 7.192854 3.898181 2.510080 1.281570 11
94 87 -48
1 0 0 0 -1 0
1.042136 1.222806 1.055786 4.407141 57.374006 3.752721
1.223970 7.354074 1.404076 3.123607 0.882057 13
51 -91 70
0 -1 0 -1 0 0
1.388569 1.216114 1.195306 4.734726 37.976464 8.529714
1.310576 3.935093 4.551456 1.162573 1.057000 44
41 68 -21
0 0 -1 1 0 0
1.347241 0.868217 1.215970 4.733231 58.756066 22.311545
0.919832 6.059425 5.297034 1.680967 1.087566 7
-100 -78 1
0 0 1 0 -1 0
1.166619 1.192790 0.829109 3.834712 1.161391 6.670229
1.366811 6.696133 5.280843 2.996455 1.372853 15
40 38 -80
0 0 -1 -1 0 0
1.318509 1.015361 1.265168 3.342218 37.070531 11.729827
0.980782 6.293679 4.293127 2.095698 1.345917 11
83 37 -66
0 0 -1 1 0 0
0.884563 1.193964 1.272199 3.441022 17.762052 20.950793
1.211180 4.892764 5.502609 1.615379 1.089810 3
46 -27 67
-1 0 0 0 0 1
0.891539 1.209557 1.027588 3.475871 10.085325 12.132676
0.873771 3.100272 5.427858 3.999809 1.116439 17
52 16 -52
0 0 -1 0 1 0
1.196379 0.967965 1.200267 3.706833 15.669220 12.477375
1.101535 3.301522 4.768750 1.554700 1.298105 1
-52 7 -90
0 0 -1 1 0 0
1.079018 0.980857 0.923289 4.204471 2.521042 14.924934
1.099683 3.040360 5.184186 1.280472 1.005881 2
-52 -85 -66
-1 0 0 0 1 0
0.867917 1.030260 0.897229 4.211091 56.883215 21.036803
0.941728 5.190904 6.325341 2.663699 1.262137 19
-48 37 43
0 -1 0 0 0 -1
1.239586 1.120764 0.928901 4.126182 29.145785 25.992649
1.320707 6.517721 4.348940 1.928292 1.217996 40
61 81 -29
1 0 0 0 0 -1
1.207820 1.288911 0.957629 4.788299 43.974405 16.121291
1.025762 3.466745 2.663790 2.951969 0.956306 44
-70 -83 30
0 1 0 -1 0 0
1.064766 1.193122 1.131986 4.105058 17.767372 10.085655
1.337361 7.420107 1.731033 1.569823 1.227302 31
-58 61 32
0 0 1 0 -1 0
1.060127 0.839840 1.324437 4.504826 3.320484 13.730046
1.363064 4.376999 1.677212 2.640517 0.944337 16
-26 84 -50
0 1 0 0 0 -1
0.904138 1.056412 1.026362 4.712630 42.448291 11.529130
0.863430 8.110165 5.813133 1.655383 1.000707 11
-8 -31 -61
-1 0 0 0 1 0
1.276587 1.308647 1.070177 5.032329 29.259341 19.821286
1.226390 5.850605 8.036864 2.102778 1.124965 27
17 -78 87
0 1 0 1 0 0
1.166452 1.043040 1.331307 4.346177 38.459327 13.039536
0.936098 5.022118 6.782326 1.651533 0.892173 13
-32 -22 -29
0 0 1 1 0 0
0.960535 0.965872 1.347398 3.080210 42.610103 7.191292
0.947319 7.550954 3.802388 3.538913 1.133794 41
-99 21 1
0 0 1 0 -1 0
1.387626 1.289632 1.178035 3.910411 54.424974 14.072517
1.219043 7.037602 3.670261 3.140579 1.107992 20
29 -39 12
-1 0 0 0 0 -1
1.246076 1.179105 1.298927 3.599066 19.126499 18.663398
0.943741 3.849625 3.619764 2.967722 0.990387 6
9 -34 4
0 0 1 1 0 0
1.361042 0.981715 1.028986 3.717942 46.029893 8.631829
1.191374 4.170327 2.000405 2.404574 1.150164 45
-93 -72 13
0 0 1 1 0 0
1.305760 1.145302 1.219571 3.234793 46.194619 24.900885
1.033462 3.747564 4.143041 2.252651 1.001440 42
-76 97 -77
0 1 0 1 0 0
1.109645 0.960191 1.111242 3.291048 44.568250 17.230832
1.141759 7.806334 4.510807 3.004595 0.921114 42
11 -49 48
-1 0 0 0 0 -1
1.162172 1.207186 1.319502 3.604786 41.929853 23.063152
1.121178 5.637364 7.728977 1.613531 1.386814 39
77 -64 -95
1 0 0 0 0 -1
0.895394 0.982292 0.898313 5.084359 26.233606 10.505980
0.928907 4.414475 6.541367 1.513951 1.010044 29
-56 -99 62
0 0 -1 -1 0 0
1.002271 1.153475 1.074429 4.706287 4.712009 21.071674
1.302052 4.140388 1.565942 2.216773 1.330651 37
-80 58 75
1 0 0 0 0 -1
1.255616 1.182669 0.843262 5.308796 45.355746 12.302019
1.144210 7.442459 2.209630 3.523598 1.012142 13
-75 86 29
0 -1 0 0 0 1
1.314359 1.093793 1.105932 4.575406 45.612578 6.162984
1.230929 4.411102 2.380294 2.523815 1.235802 31
89 -15 84
0 0 -1 0 -1 0
0.935987 1.029299 1.205271 3.265928 34.054286 11.787322
1.231207 8.018143 3.398546 3.309766 0.927766 45
-92 -24 86
0 0 -1 -1 0 0
1.277717 0.787641 1.393261 4.631769 59.368149 1.645869
1.297238 4.338888 1.732852 3.312333 0.852279 14
2 12 31
-1 0 0 0 0 1
0.920717 1.043657 1.273758 4.294470 37.722043 1.570608
0.947408 3.945021 7.340675 2.592510 1.161740 36
-83 66 -100
1 0 0 0 -1 0
0.850781 0.803857 1.279345 3.159121 28.169696 23.818573
1.384261 4.461325 6.158263 2.199825 0.926181 10
89 55 -25
0 1 0 0 0 1
1.186663 1.168325 0.996068 4.004303 60.462780 24.208644
1.163761 7.834242 1.824544 2.299222 1.217002 1
57 -22 -44
0 0 1 0 -1 0
0.994786 1.209113 1.223495 5.070121 25.362434 21.345054
1.043469 5.126735 6.984438 2.837008 1.143603 31
19 -84 13
1 0 0 0 1 0
1.253807 1.065543 1.160497 3.174348 50.438234 17.886994
0.853372 5.510101 5.672330 1.703044 1.089433 4
52 -40 -87
0 1 0 -1 0 0
1.300780 1.026816 1.356445 4.390323 34.600366 4.691966
1.236828 3.621494 6.833304 2.380770 1.377684 32
-55 34 77
0 1 0 0 0 -1
1.086494 0.870277 1.304409 4.345578 15.952406 5.194096
0.852801 4.132034 3.400356 1.438342 1.199187 12
9 -80 4
0 0 -1 0 -1 0
1.111022 0.871657 0.948288 4.926401 53.540792 14.734693
0.871115 7.595171 4.753437 3.993376 0.882574 12
-79 -89 0
0 1 0 -1 0 0
1.085144 1.108576 0.944159 3.493536 58.923724 24.026384
0.923021 6.941578 4.004444 3.035185 1.206180 2
40 45 100
0 0 1 1 0 0
1.047286 0.793522 1.038670 3.479281 39.399143 4.084920
1.238955 3.063151 5.385690 2.414134 1.342594 40
-72 -33 34
1 0 0 0 0 1
1.102042 1.172518 0.861291 3.953763 48.979002 12.489083
1.082611 3.573109 3.630683 3.123997 1.297476 33
-10 -58 22
0 1 0 0 0 -1
1.353851 1.026968 0.863916 4.073784 56.389516 5.188020
0.881886 7.796973 4.682725 1.992541 1.269234 41
-7 48 -62
0 1 0 0 0 1
1.180525 1.353146 1.066403 3.331948 34.934230 7.494819
1.291387 3.299938 6.579748 1.857006 1.246626 40
96 -97 57
0 1 0 0 0 -1
0.900591 1.166030 1.240237 5.182417 20.132356 3.361926
1.363498 7.435571 7.748551 2.687252 1.148949 31
46 96 59
1 0 0 0 -1 0
1.239893 0.866615 0.947244 5.024615 45.685485 18.333167
1.069280 4.349427 6.248050 1.297528 1.145406 30
-2 34 32
0 -1 0 -1 0 0
0.883483 0.981140 0.993488 4.687935 45.250396 10.717963
1.218680 4.312073 2.218985 1.204438 0.876328 18
96 -55 -60
1 0 0 0 0 -1
0.882933 1.304960 0.991990 3.892932 9.719236 9.427499
1.263643 8.602469 2.106439 3.190255 1.098151 8
-30 16 86
1 0 0 0 0 -1
1.354281 1.162681 1.149714 4.611651 55.736240 3.241305
0.950422 3.683443 7.940844 3.036932 0.912603 10
39 81 33
1 0 0 0 1 0
0.946578 0.790481 1.314896 3.763982 2.524752 15.746224
1.025041 5.901535 3.459344 3.230756 1.290555 22
-12 83 -70
0 0 -1 0 1 0
1.189246 0.923286 1.352213 5.007315 14.755851 14.698420
0.894376 8.102023 4.660410 2.375145 1.241644 20
-9 -34 -86
1 0 0 0 0 1
1.082434 0.924312 0.979259 4.178340 21.421758 25.628573
0.887863 3.921496 3.760597 3.991501 1.047598 26
62 -86 41
0 0 1 0 1 0
1.058019 0.872314 1.042054 4.939616 13.222687 14.254434
1.050749 7.088385 2.578819 1.805426 0.897864 6
-60 42 -65
0 0 -1 0 1 0
1.055133 0.971063 0.966389 3.470987 49.578201 16.981083
1.027706 4.426771 5.276838 2.729185 1.194420 8
-43 57 -6
1 0 0 0 0 -1
1.083810 1.168632 1.062410 3.986001 15.401111 9.250799
0.931716 8.447850 1.563210 3.975864 1.375939 43
30 -50 57
-1 0 0 0 -1 0
0.845318 0.958609 1.057230 3.006311 3.767829 2.996183
1.305965 4.146838 3.139604 1.152784 1.369192 4
-95 -28 -85
0 -1 0 0 0 1
1.076324 0.851853 1.095744 5.213080 17.317074 18.992174
1.338312 8.459191 6.396088 3.877557 1.110889 32
72 59 66
-1 0 0 0 0 1
1.242300 1.050932 1.164938 5.266920 33.996788 10.626093
1.053423 6.852638 1.720897 1.940402 1.244821 33
-7 -29 78
0 1 0 -1 0 0
1.085492 0.902357 1.106118 4.433280 43.182599 19.233808
0.861435 4.215287 6.636061 3.204377 1.316061 34
-32 23 -14
0 -1 0 0 0 1
1.009324 1.016866 1.207559 4.893323 45.513887 23.447737
1.067757 7.873075 4.184126 3.471856 1.288928 34
49 -68 -55
0 -1 0 0 0 -1
1.271435 0.884148 0.993307 3.344009 47.860456 18.658979
1.240642 3.907232 1.487115 2.222177 1.318685 6
59 59 -16
-1 0 0 0 1 0
1.011941 0.885929 0.889532 4.944753 46.200625 25.607992
0.871488 8.136190 6.452940 1.848328 1.130696 18
-34 17 93
0 0 -1 -1 0 0
0.947287 0.832901 0.945580 4.822976 44.923132 4.371449
1.263338 3.120836 2.772407 1.578418 1.273360 21
64 -7 -24
0 1 0 -1 0 0
0.913760 1.113409 0.884331 3.486322 57.005567 20.828310
0.881676 8.145109 7.357951 1.386532 1.189536 3
-31 65 56
1 0 0 0 1 0
1.201713 1.099919 1.016937 3.457239 8.784130 20.100400
1.336759 8.192513 1.888287 3.699715 1.093073 13
27 -25 -17
0 0 1 -1 0 0
0.997044 1.256186 1.043727 3.271559 11.070442 8.350969
0.830412 5.888234 1.914098 1.849189 0.826517 26
48 44 -28
0 0 1 0 1 0
1.311442 1.324678 1.213562 3.642540 45.486584 12.427284
1.214562 7.784165 6.215738 2.141405 1.024767 38
30 44 -53
0 -1 0 -1 0 0
1.148105 0.811935 0.850360 3.518598 21.014916 22.898726
0.918500 8.004694 2.103749 1.130023 1.193061 45
75 -17 -52
0 -1 0 0 0 1
0.961123 1.128241 0.859504 4.600212 16.107580 19.541174
0.903964 6.308660 7.787427 2.839691 1.126310 40
73 -90 7
0 1 0 -1 0 0
1.010919 1.320113 1.344418 3.774915 44.833011 22.156234
1.198827 8.247684 6.965538 1.182832 1.232290 21
35 0 61
0 0 1 0 -1 0
1.385831 1.278445 0.796249 3.522553 36.250458 18.346859
1.123532 6.151656 2.873699 1.532142 1.088567 7
31 18 52
0 1 0 1 0 0
1.123800 1.042471 0.986838 4.168419 59.752622 11.452804
1.242446 4.577038 2.416652 1.252089 0.902417 37
67 19 27
-1 0 0 0 0 1
0.992572 1.286199 0.859446 5.227838 18.371442 14.392885
0.803737 4.315076 1.565169 3.825772 1.350055 32
9 -72 -55
0 1 0 -1 0 0
1.383745 1.199714 0.862306 5.020530 30.569139 4.644915
1.088994 6.167332 6.721799 3.274479 1.175065 19
-83 -41 -17
1 0 0 0 0 1
1.147197 0.845995 1.016047 3.006563 47.315726 15.684854
0.821836 6.369061 7.745970 3.516308 1.008074 7
-8 -4 3
0 0 1 0 -1 0
1.093948 1.112741 1.217406 4.823025 13.667736 2.265376
0.985531 6.745480 5.517886 1.266232 1.135076 34
-61 81 -41
-1 0 0 0 1 0
1.236065 1.090177 0.806376 3.047575 20.835901 6.330821
0.920729 6.918893 4.109411 2.122872 1.361017 9
-12 -98 -20
0 0 1 -1 0 0
1.196019 1.192049 0.900823 3.494366 34.448744 9.076972
1.047022 7.851993 7.254343 3.089525 1.345381 13
4 -59 65
0 0 1 0 -1 0
0.846171 1.311399 1.079537 3.580743 44.108823 15.978412
1.301668 3.246643 2.237884 2.114929 1.289652 12
-100 -44 -96
0 1 0 0 0 -1
1.009501 1.180374 1.176738 3.500717 52.830852 16.190038
1.148294 5.779130 4.779539 2.348638 1.004536 10
99 -92 -25
1 0 0 0 1 0
0.873693 1.303598 0.977146 5.195676 49.950855 21.892034
1.182207 3.574406 5.812234 2.653518 1.008180 30
19 -82 -93
0 0 -1 0 -1 0
1.030134 0.979635 0.975467 4.073696 54.643014 3.573124
1.345510 7.379305 6.084863 3.112821 1.033950 38
-1 92 22
-1 0 0 0 0 -1
1.255220 0.828109 1.327763 4.457853 21.241812 5.606855
1.280355 6.490884 7.214623 1.422158 1.053915 35
-35 4 65
-1 0 0 0 1 0
1.242185 1.387769 0.884585 5.065926 44.106857 12.367065
1.344736 3.021054 2.418793 3.682726 0.797908 15
-48 90 59
1 0 0 0 1 0
1.341401 1.302626 1.167595 3.727261 18.750960 10.307618
1.016159 5.224626 2.988475 3.659848 0.846829 14
-24 -62 -61
1 0 0 0 1 0
1.043234 1.067244 1.250804 4.573383 31.363558 6.164671
1.142821 4.647814 5.496504 1.767271 0.823625 30
-98 96 69
0 0 -1 0 -1 0
0.917796 1.328961 1.226785 4.312542 35.351899 5.613873
1.069579 7.595140 5.240868 1.210958 1.221166 16
20 -85 -8
0 -1 0 -1 0 0
1.392554 1.179228 1.214422 4.662555 7.141592 9.118004
1.343189 6.435075 1.176705 2.990886 1.341126 19
14 76 61
1 0 0 0 0 -1
1.392662 0.803687 1.036399 5.301906 39.388691 3.624424
0.986480 5.305662 6.794094 3.758442 1.095241 32
-34 46 77
0 0 -1 0 -1 0
1.188160 1.191622 0.873404 5.088494 20.080016 21.241433
0.939192 3.031514 6.149352 1.028362 0.842469 21
60 -30 37
-1 0 0 0 0 -1
1.338247 0.794636 1.100158 3.561220 11.254957 16.300594
1.280671 5.106594 6.127674 1.060920 0.943056 37
5 -15 -64
0 0 -1 1 0 0
0.926000 1.263617 1.191929 3.830933 9.436145 23.844196
0.988168 7.456325 3.922365 1.031133 1.304467 21
94 38 56
0 0 1 1 0 0
0.876490 1.116533 0.818474 3.415347 61.191076 24.296514
1.331403 8.211800 2.958961 2.758183 1.318266 44
89 -37 -8
1 0 0 0 -1 0
0.942036 0.846361 1.299482 4.608114 24.070895 11.283655
0.990018 7.663884 6.188107 1.800345 1.241331 40
-82 7 17
0 0 -1 0 1 0
1.198684 1.290601 0.786294 3.681614 27.304963 6.832602
1.054911 6.811724 5.236670 2.070804 1.287688 18
56 11 -52
0 1 0 -1 0 0
0.899390 0.914231 0.916915 3.859464 48.992888 11.670250
1.340231 8.347191 4.320081 1.583315 0.897558 28
-18 37 95
0 0 1 1 0 0
1.100471 1.003096 0.834917 5.281447 54.584458 4.346769
1.177355 6.144372 5.351156 3.906415 0.940739 38
7 46 74
0 0 1 1 0 0
0.830053 0.800196 1.387470 3.609546 33.862810 3.940867
1.106770 4.554214 7.081222 3.101524 1.001091 45
-43 56 -32
0 0 -1 0 -1 0
0.925692 1.160118 1.152938 4.946515 42.545773 16.595529
1.367350 7.953779 3.289800 3.251257 1.032216 33
-58 81 -21
1 0 0 0 1 0
0.912874 1.068754 1.269385 4.035035 29.665446 17.979401
1.134876 5.740830 5.973198 2.484944 1.358464 4
