2 10
-28 -38 76
-1 0 0 0 -1 0
1.353783 1.409011 1.278487 3.551764 84.019709 76.629413
1.237167 5.362204 1.196932 1.210844 0.942588 1
-51 -19 -97
0 -1 0 0 0 1
1.046089 1.413918 0.888657 3.573504 72.704886 77.463599
1.118655 7.689174 1.965094 6.233141 0.879042 1
-21 -26 -84
0 0 1 0 1 0
1.234945 1.220469 1.561608 3.856174 21.824829 17.891529
0.967355 3.965680 1.435939 2.037633 1.316223 1
92 -9 95
1 0 0 0 0 1
1.323343 0.976260 1.215110 3.276386 66.866420 58.600111
1.542931 15.729498 1.770202 7.300105 1.300883 1
