10 10
-83 31 -83
-1 0 0 0 0 -1
1.412953 0.870976 0.806050 3.635998 92.713237 41.519168
1.003743 12.067349 1.260446 1.019242 1.142474 1
-44 -77 39
-1 0 0 0 0 1
1.461533 0.908538 1.538990 3.768409 12.186434 23.279365
0.810614 19.080197 1.702881 3.008504 1.167435 1
-36 -1 -8
0 0 1 0 1 0
1.159365 0.909952 1.406463 3.374129 95.127837 51.943872
1.213975 3.116217 1.676595 7.668808 1.153000 1
-7 91 91
1 0 0 0 0 -1
0.969901 1.212309 1.408477 3.841895 52.754897 28.636259
1.311295 12.841065 1.449255 8.884129 0.832505 1
68 -44 72
0 0 -1 -1 0 0
1.009265 0.820063 1.332109 3.102403 53.763213 55.706323
1.010861 14.666182 1.978313 6.900161 0.986835 1
-4 59 -79
0 -1 0 0 0 -1
1.309602 1.559679 1.021609 3.575519 18.941762 32.806773
1.429437 7.259106 1.601450 3.007706 1.448647 1
-60 -98 83
0 1 0 0 0 1
0.816610 1.400780 1.042732 3.261888 63.194404 70.031882
0.919085 16.617845 1.276598 6.224208 1.434814 1
52 13 -61
0 -1 0 0 0 -1
1.344924 1.369821 1.418520 3.822913 15.307561 1.694455
1.005175 5.597496 1.167581 6.978837 1.537898 1
-30 76 -34
-1 0 0 0 1 0
1.379026 1.466856 1.146984 3.405487 13.272646 30.744776
0.847627 8.036831 1.297693 7.886700 1.403358 1
58 -32 -46
1 0 0 0 0 -1
0.834442 0.847148 1.497573 3.697772 99.261208 77.272004
1.389112 16.978099 1.097913 9.787370 0.840150 1
76 39 -76
-1 0 0 0 1 0
1.153092 1.215060 1.479968 3.515772 63.931503 88.976378
1.324893 4.846974 1.626725 1.709340 1.238677 1
-18 62 -48
0 0 1 1 0 0
1.420787 1.396544 1.073575 3.636970 64.428703 36.751737
1.273473 3.501212 1.609418 2.967097 0.811348 1
98 1 73
0 0 1 0 -1 0
1.298414 1.447936 1.305622 3.838459 97.570563 59.457160
0.897927 6.578952 1.433750 4.151162 1.526605 1
-43 -46 48
1 0 0 0 0 1
1.009147 1.304684 0.956206 3.446749 90.187223 69.643630
1.210958 10.918597 1.668476 9.985237 1.545413 1
69 43 -35
1 0 0 0 0 1
1.505959 1.170054 1.331398 3.967116 8.894277 49.804818
1.198625 9.015411 1.779153 2.796566 0.978612 1
-68 -43 66
0 0 -1 -1 0 0
1.210255 1.558842 0.948162 3.863812 16.847392 29.814091
1.501809 11.236379 1.889990 2.833533 1.209185 1
77 68 16
-1 0 0 0 -1 0
1.011227 1.514918 1.534485 3.446329 56.142997 89.634051
0.907953 3.853143 1.267791 4.706826 1.288856 1
-36 67 13
-1 0 0 0 1 0
0.977418 1.204077 0.830755 3.186967 74.986358 45.138395
1.385659 19.917641 1.969529 2.689992 1.321743 1
-61 23 -78
0 0 -1 -1 0 0
0.837820 1.364161 1.072036 3.721884 82.982781 18.994671
0.827424 3.591882 1.857135 5.565545 1.443204 1
56 78 -89
0 0 -1 1 0 0
0.951617 1.385908 1.015497 3.712145 74.918801 80.429473
1.314088 17.890216 1.465471 6.019099 0.810421 1
