0 4 0
64 1 64
163 1 163
171 1 79
191 1 191
1 0 0
79 1 171
1 0 0
100 1 142
1 1 0
76 1 76
91 1 100
0 0 0
1 2 0
196 1 92
5 1 5
126 1 2
1 0 0
49 1 196
3 1 0
66 1 110
92 1 164
168 1 87
106 1 27
1 0 0
102 1 15
1 0 0
2 1 126
0 1 0
16 1 16
2 1 0
90 1 169
180 1 97
130 1 54
0 1 0
119 1 23
0 1 0
160 1 72
2 0 0
37 1 162
148 1 88
0 1 0
186 1 1
0 0 0
2 0 0
27 1 170
140 1 27
0 1 0
81 1 157
2 2 0
87 1 121
129 1 129
22 1 138
108 1 26
1 0 0
125 1 1
0 1 0
31 1 31
2 1 0
141 1 39
146 1 1
165 1 94
3 0 0
123 1 25
134 1 89
161 1 85
3 0 0
57 1 153
139 1 17
159 1 24
1 1 0
29 1 186
115 1 93
1 1 0
109 1 3
147 1 62
1 0 0
176 1 36
1 0 0
46 1 46
0 0 0
0 1 0
21 1 94
0 0 0
0 0 0
1 0 0
169 1 18
1 0 0
18 1 122
1 0 0
177 1 177
0 0 0
0 1 0
39 1 112
0 1 0
157 1 39
0 0 0
3 1 0
19 1 164
56 1 153
136 1 62
154 1 1
0 0 0
0 0 0
1 0 0
172 1 36
0 0 0
0 0 0
0 0 0
1 0 0
174 1 36
0 1 0
32 1 32
0 0 0
1 0 0
183 1 183
0 0 0
0 0 0
1 0 0
34 1 110
0 1 0
68 1 68
1 0 0
178 1 178
0 0 0
0 0 0
1 0 0
86 1 120
0 1 0
195 1 195
0 0 0
0 0 0
0 0 0
0 0 0
1 0 0
117 1 7
0 0 0
0 0 0
0 0 0
0 0 0
0 1 0
94 1 181
0 1 0
184 1 1
0 1 0
104 1 104
0 1 0
55 1 55
0 0 0
0 0 0
1 0 0
58 1 164
0 0 0
0 0 0
0 1 0
118 1 118
0 0 0
2 0 0
85 1 153
122 1 84
1 0 0
84 1 122
0 0 0
1 0 0
110 1 15
1 0 0
150 1 69
1 0 0
105 1 44
1 0 0
44 1 105
0 0 0
1 0 0
127 1 10
1 0 0
71 1 71
0 0 0
0 0 0
0 0 0
0 0 0
0 0 0
0 0 0
0 0 0
0 0 0
0 0 0
0 0 0
