100 100
87 38 -18
-1 0 0 0 1 0
1.060362 0.952317 0.831312 3.282026 23.037584 11.542626
0.969992 8.360166 1.541240 2.091483 1.107391 30
26 -42 -60
0 0 1 -1 0 0
0.972552 1.121923 0.835384 3.801602 17.753551 5.754388
1.109282 6.128284 5.335350 3.074529 0.967962 12
-57 12 59
0 0 -1 0 -1 0
0.905659 0.826131 0.988505 4.718952 16.903953 11.100795
1.028721 6.605726 9.797559 1.244961 0.983831 18
-83 -58 -10
0 0 -1 1 0 0
0.845807 1.102336 0.860009 3.803521 27.172246 1.315841
0.790700 6.828802 10.907222 2.632991 1.101245 19
-25 37 -14
0 1 0 -1 0 0
0.870127 0.795836 0.822273 3.106770 13.235522 10.733215
1.063971 3.991368 6.992108 1.939991 0.832246 3
-73 -68 4
0 -1 0 1 0 0
1.069886 1.039949 0.917431 4.413799 4.882497 6.880390
1.012487 7.632070 4.146474 1.611302 0.948150 2
50 -40 -88
0 -1 0 1 0 0
1.063540 0.811705 0.814931 4.480862 14.637315 4.253185
0.838678 6.763879 10.014462 1.647555 1.036165 6
-37 16 -74
0 0 -1 1 0 0
1.103422 1.047156 0.966492 4.313909 3.745493 12.581393
0.891922 7.900709 5.462598 1.521035 0.832692 23
45 -9 -12
0 -1 0 0 0 1
1.104797 1.077223 1.008676 4.207176 4.617911 10.739862
1.051746 5.572870 10.499591 3.063477 1.091760 2
-52 30 -82
0 -1 0 0 0 1
0.862330 1.070596 0.967238 3.789767 25.086668 12.838060
0.921271 8.262709 1.710433 1.716289 0.796492 25
-88 82 -21
0 -1 0 0 0 -1
1.007885 0.844391 0.811564 3.043720 13.405005 1.921537
0.927724 7.159458 8.489901 1.005283 1.000535 21
82 59 49
0 -1 0 1 0 0
0.801595 1.004948 0.992400 3.022001 21.984100 11.911717
0.850228 6.077278 11.343794 1.698938 0.957448 34
51 63 -56
0 1 0 0 0 -1
1.085395 1.057253 1.028199 4.609191 9.337218 13.871636
0.807492 3.410055 2.819737 2.877504 0.852380 33
76 48 -81
-1 0 0 0 0 -1
1.022936 0.979684 1.070444 3.385411 8.284181 16.219244
0.922513 4.528177 2.310701 2.021252 0.948490 13
72 4 74
0 0 -1 -1 0 0
0.812566 0.864092 1.083133 3.831300 25.877233 10.728949
0.908198 8.379339 9.627348 2.501371 0.878330 12
-50 -81 -38
1 0 0 0 -1 0
0.885412 1.040722 0.955111 3.673344 27.936945 11.972427
1.015444 4.027980 4.477151 2.461856 1.109378 4
-55 -73 -1
0 0 -1 -1 0 0
1.116282 1.027002 0.975827 4.411268 28.657733 8.302223
0.821962 5.437225 6.176631 2.838241 0.965911 32
45 67 -77
0 0 -1 1 0 0
0.983300 1.041326 0.794624 3.828834 28.978111 12.368158
0.904789 6.286248 4.061048 2.262978 1.024255 27
-96 -76 80
0 1 0 0 0 -1
0.920251 0.826476 1.087923 3.792072 7.581557 6.434628
1.005075 5.177329 8.401235 2.982734 1.112537 29
-5 68 -60
0 -1 0 0 0 -1
0.976679 0.834548 1.051710 4.462435 2.200662 4.348428
1.062555 6.653973 4.826032 2.472875 0.905692 11
79 95 -71
0 0 1 1 0 0
0.915053 0.950189 0.942979 3.090430 19.609785 3.173420
1.102936 5.494710 4.943673 2.918404 1.098048 20
57 60 42
0 0 -1 -1 0 0
1.098187 0.860122 0.833862 4.323390 25.826686 1.308783
1.048095 4.620094 8.797421 1.194429 1.110437 29
-87 8 -23
1 0 0 0 0 -1
1.062570 0.977068 0.990531 3.405066 14.717700 10.845740
0.943874 6.996102 5.733687 1.015836 0.974463 12
65 88 76
0 0 1 1 0 0
1.100930 0.841584 0.868122 4.436925 21.932483 2.956351
1.030558 5.951466 9.171442 3.085531 0.918824 35
-40 -72 90
0 -1 0 0 0 1
0.939702 1.093797 1.120611 4.376894 20.399238 14.431749
0.942346 8.093250 3.130999 1.775987 0.869500 26
37 77 -59
-1 0 0 0 1 0
1.070366 0.804004 1.045839 3.393908 23.710248 8.810292
0.988467 8.597249 1.119850 1.250587 0.825826 24
3 -11 5
1 0 0 0 0 -1
0.805473 1.068112 0.795884 4.334125 23.290319 13.970479
0.918344 8.437099 3.195563 3.058705 1.068638 12
-68 -76 -70
0 0 1 0 -1 0
1.033781 0.921829 0.896819 4.040847 29.326284 8.093951
1.114491 3.357899 10.176399 1.868961 1.031305 24
12 75 42
0 -1 0 1 0 0
0.987166 0.787597 0.997859 3.562281 20.376105 3.662985
1.082425 4.345984 4.101567 1.930195 1.014534 13
-15 29 -91
0 1 0 -1 0 0
0.802698 0.987177 0.898287 3.094654 26.924095 11.180735
1.061113 6.468808 9.381837 2.304112 0.830936 21
13 85 -79
0 0 -1 0 -1 0
0.874138 0.910659 0.925096 3.557024 4.236637 12.112414
1.096439 3.474981 10.107063 2.228415 0.850310 7
91 -56 3
0 0 1 0 1 0
0.945596 1.111910 0.920472 3.629217 18.485116 8.373707
0.980977 3.566445 3.619951 2.501550 0.979558 9
-5 28 30
-1 0 0 0 0 -1
1.040963 1.013327 0.802936 4.715919 1.736241 14.329814
0.933504 5.127511 2.694695 2.108523 1.088908 4
75 -60 14
0 0 -1 -1 0 0
0.914402 0.972913 0.899299 3.611868 14.549735 5.422861
0.794660 7.834668 6.098496 2.380192 0.796299 11
-14 92 -73
0 -1 0 -1 0 0
1.115306 1.104013 0.922956 3.592713 13.909335 12.880184
0.928311 6.908960 8.135547 2.233006 0.865712 16
-56 -48 -67
1 0 0 0 0 1
0.816396 0.931127 0.901080 4.660648 17.745570 12.079714
1.111773 6.726300 2.956259 1.319091 1.045849 21
19 25 67
0 -1 0 0 0 -1
1.004638 0.856093 0.970542 3.540681 3.322835 16.212437
1.109995 6.833123 2.940036 2.036354 0.896523 22
-22 -49 -40
0 -1 0 0 0 -1
0.805384 0.835643 0.928529 4.475135 3.333428 2.357386
1.070782 8.275494 3.807895 3.071573 0.895720 9
-19 87 55
-1 0 0 0 0 1
0.885349 1.107073 0.904812 3.667837 11.440871 9.823520
0.868476 7.481544 7.939129 2.069117 1.023697 33
2 68 -28
0 -1 0 0 0 1
0.861132 1.097804 0.916569 4.435896 21.883985 3.872876
1.042894 3.533550 4.575653 3.018018 0.883854 10
-45 -72 -60
0 0 -1 0 -1 0
1.066578 0.803662 0.934631 3.969650 12.370199 15.233499
0.996345 7.611101 11.002485 2.348278 0.989707 14
9 -73 -18
0 -1 0 0 0 -1
0.968824 1.095335 1.009177 4.688936 12.498023 8.137469
0.805295 5.675639 7.147374 3.075482 1.114452 9
-89 97 -56
0 -1 0 0 0 1
0.943615 0.888412 0.807612 4.372949 18.880766 11.130119
1.092984 6.310972 10.845228 2.513876 1.025016 15
-66 -46 67
0 0 1 1 0 0
0.824897 1.018197 0.904366 4.743798 13.716184 9.919503
0.974762 3.302989 2.512599 1.324939 0.953213 37
-96 -38 -13
-1 0 0 0 1 0
0.843935 0.908283 0.872421 3.239234 3.972374 9.105949
0.809947 3.065890 7.643221 2.185481 0.987062 21
-79 14 -98
0 1 0 1 0 0
0.864056 0.922745 1.065120 4.622415 23.805383 10.843004
0.951512 3.094165 10.935936 3.155538 0.996389 24
-1 -28 30
1 0 0 0 -1 0
0.959727 1.076800 1.072115 4.419685 8.043277 5.516808
1.043622 3.016245 9.439880 2.822990 0.920608 1
-5 59 77
0 -1 0 1 0 0
1.015962 0.895723 0.828132 4.373674 18.940537 12.544968
0.799749 4.680751 2.490209 2.844497 1.033844 5
-83 22 3
0 0 -1 0 -1 0
0.907285 1.093373 0.802808 4.100472 20.126659 12.944838
0.867682 3.109721 2.535893 1.945158 0.871668 37
-8 -90 -10
0 0 1 0 -1 0
0.856805 1.072692 0.878113 3.555655 10.588767 10.482899
1.104786 4.922092 2.855073 2.875845 0.820711 36
17 -95 -77
1 0 0 0 0 1
0.786902 0.903373 1.087420 3.686085 8.480078 3.170028
0.806012 6.996545 6.575850 2.022858 0.796580 14
69 64 -86
0 -1 0 0 0 -1
0.825126 1.028380 0.874235 4.008813 15.739036 4.791221
0.987027 6.862380 2.925521 2.309223 0.912861 38
-37 -38 28
0 0 1 1 0 0
0.937800 0.953560 0.998136 3.924132 22.456632 12.187504
1.092584 5.565326 5.289360 1.532950 0.854719 12
17 -11 13
0 0 -1 0 1 0
0.845211 0.876716 0.802458 4.080684 11.737483 4.981115
1.001278 7.207918 6.290023 2.157777 0.840413 5
-50 -59 -64
0 -1 0 0 0 -1
0.963583 1.012872 0.889066 3.736528 7.053227 14.621632
0.791068 3.730001 10.226143 3.047288 0.805568 14
61 -93 33
0 -1 0 -1 0 0
0.895782 1.095354 1.075822 3.999478 16.091800 7.570686
0.835369 7.389054 7.698817 1.314314 1.041042 24
22 -39 36
1 0 0 0 1 0
1.059026 1.109990 1.107472 3.958299 18.745152 8.387800
1.012904 8.273589 10.013085 2.797361 0.946117 22
-79 63 19
0 0 1 -1 0 0
1.092167 0.791938 0.898193 4.438007 9.254843 14.218582
1.027535 7.992804 1.734207 1.466330 0.839465 31
62 -45 -59
0 0 -1 0 1 0
0.856524 1.025315 0.953653 3.190572 3.224678 9.728455
0.851452 7.661213 4.383217 2.599825 0.932158 11
-64 99 49
0 -1 0 0 0 1
0.853024 0.785427 1.111730 3.613632 8.389712 1.628411
1.083614 6.928511 1.977852 1.484278 0.976023 33
9 53 -52
-1 0 0 0 1 0
1.066938 0.789795 1.079042 3.125582 26.460390 10.053045
0.913546 5.892167 7.033772 2.507930 0.793454 9
13 -10 30
-1 0 0 0 -1 0
1.047811 0.814181 0.993426 3.267417 23.779428 14.851500
0.864290 6.606141 6.895671 1.284979 1.005055 29
-69 8 9
0 -1 0 -1 0 0
0.921616 1.035954 0.961878 3.538916 14.277597 10.786613
1.120902 7.032571 8.005978 1.384731 1.016187 9
97 43 -49
0 0 1 -1 0 0
1.002260 0.933292 0.984096 3.520290 11.275156 11.291970
0.943752 4.001996 5.654718 1.881435 0.938053 12
9 -69 -90
0 -1 0 0 0 1
0.976703 0.914418 0.927559 3.764086 7.270196 7.091047
1.034967 6.501047 5.529086 1.936225 0.936010 37
64 -74 59
0 1 0 -1 0 0
1.089833 0.990470 0.850347 3.312613 2.826076 14.745151
1.108049 5.558594 6.255797 2.337467 0.910256 14
72 -95 76
0 0 -1 0 1 0
0.905805 1.038808 1.007378 3.208779 8.078386 6.306075
0.981522 4.803895 11.248256 1.405584 0.976439 38
71 73 3
0 0 -1 0 -1 0
1.088163 0.955196 0.973466 3.394498 23.284086 5.483803
0.800299 3.896361 6.675262 1.969748 0.986416 37
80 -25 76
0 -1 0 -1 0 0
1.083014 0.940836 0.787595 3.580684 27.946570 14.318608
0.998970 5.474737 8.566206 3.102657 0.872352 19
48 50 -98
0 0 1 1 0 0
1.020808 1.018549 1.099904 3.629325 15.963136 14.435179
1.004363 5.210190 6.086403 2.630211 0.991101 10
49 -76 -14
0 0 -1 0 1 0
0.785655 0.976382 0.880554 4.198444 10.202525 9.999280
0.889026 3.404361 9.033884 1.331220 0.942162 35
3 70 -66
0 1 0 -1 0 0
1.107914 0.824765 0.949810 3.695114 19.434286 15.266735
0.809522 6.793599 7.503831 1.894531 0.945162 20
42 -90 47
-1 0 0 0 0 -1
0.847882 0.950689 1.123693 4.104743 16.897552 4.685667
0.982579 7.558003 5.040282 2.054362 0.882896 11
-2 79 98
-1 0 0 0 -1 0
0.895269 0.995460 0.809462 4.664360 6.591683 1.668277
0.938566 6.101068 11.164616 2.406760 0.914965 16
-42 -2 -15
-1 0 0 0 0 1
0.823532 0.802064 1.026666 3.825457 16.886601 7.302639
1.105848 3.656094 5.738701 2.704854 0.907963 22
18 61 45
0 0 -1 0 -1 0
0.799826 0.916020 1.065405 4.131137 29.328666 11.280801
0.813226 3.791375 10.288086 1.617174 0.948845 12
43 -91 -23
0 1 0 0 0 -1
0.839146 1.100188 0.987022 4.455641 11.964905 7.572748
0.928427 4.374224 6.793618 2.817403 0.894664 5
42 -91 19
0 0 1 -1 0 0
0.841573 0.794007 0.806196 3.284381 4.295983 5.038678
1.058084 5.381555 6.832845 1.466450 0.880796 22
-57 60 -40
-1 0 0 0 1 0
0.864861 1.006873 0.971656 3.297759 5.221632 10.172263
0.994099 5.195389 8.393895 2.862885 1.030675 5
82 56 66
0 1 0 -1 0 0
0.864716 0.984891 1.095845 3.762887 11.424230 13.383521
0.825501 5.110506 4.083896 1.692880 1.062475 30
-84 81 82
0 -1 0 0 0 -1
0.990242 0.997177 1.061660 3.641964 4.321656 5.488490
0.793045 4.767157 4.018776 1.120163 0.952119 18
-1 -8 67
1 0 0 0 -1 0
1.027351 1.000273 1.026670 4.167931 21.207763 1.898250
0.824468 4.632994 11.369699 2.877262 0.790274 13
-99 -79 -28
-1 0 0 0 0 1
0.837182 0.843279 0.972664 3.944004 13.146597 14.605650
0.998589 3.575305 2.887533 1.454032 0.958269 4
86 -26 -74
0 -1 0 0 0 -1
1.085946 1.043127 1.036170 3.840958 8.831420 15.119774
0.824642 8.464579 7.087097 2.666653 1.045101 1
83 -33 42
0 -1 0 0 0 1
1.011312 0.876174 0.963993 3.194790 4.507204 10.435079
1.082986 7.918220 2.756173 1.449602 1.034493 2
29 90 -60
0 0 -1 1 0 0
1.015293 0.791951 1.037612 3.067727 24.050698 3.821108
0.992918 4.235544 10.175836 1.648013 1.045117 3
-54 80 0
-1 0 0 0 1 0
1.034387 0.897266 0.955201 3.129760 2.752703 1.830085
1.080856 6.282883 3.952473 1.173809 1.008556 5
41 26 30
0 0 -1 0 1 0
1.103155 1.002637 0.884890 3.548800 23.660926 4.992411
1.061353 7.225870 2.805864 2.671681 0.934741 21
-14 -70 -49
0 0 -1 1 0 0
0.969530 1.042193 1.097110 4.211188 6.500101 11.305220
0.911584 6.505027 5.085792 1.734536 0.889261 27
75 72 -96
0 0 1 0 -1 0
0.875701 1.037578 0.832907 3.127008 11.038386 3.784151
1.090447 7.775197 6.048433 2.912528 0.998367 4
-23 64 -7
0 1 0 1 0 0
1.094661 0.984894 0.957794 4.446008 6.830655 14.610552
1.023815 4.868723 10.889683 1.698971 0.991875 9
-90 40 -20
-1 0 0 0 -1 0
0.979786 0.993617 0.895542 4.439785 25.174222 6.376010
0.898868 6.823583 11.592276 2.269444 0.903986 38
31 35 -57
0 1 0 0 0 1
1.086272 0.988656 1.083794 3.595595 15.587473 2.899130
1.079684 5.749987 1.384238 2.173488 1.021051 7
72 25 35
0 1 0 1 0 0
0.937231 0.792205 0.862495 3.568606 28.539956 14.242987
1.046916 6.455560 11.641905 1.678734 1.121490 5
-51 -81 -40
0 0 -1 -1 0 0
0.994654 1.097425 0.792205 4.048209 29.439248 12.294846
0.934577 4.228368 3.288463 2.890307 1.025830 30
100 -56 15
0 0 1 1 0 0
0.852835 1.009124 1.124413 4.647859 13.486499 4.309602
0.891919 8.210189 11.130300 2.541465 1.066273 6
64 56 27
0 1 0 1 0 0
0.866547 0.932940 1.048767 4.174439 18.347528 16.184366
0.850535 4.763541 7.507069 3.230883 0.879430 31
-15 -56 -52
-1 0 0 0 -1 0
1.057767 0.936108 0.891216 4.026087 28.154085 10.510947
0.977282 7.642772 4.267566 1.005839 1.081485 19
83 -15 -60
0 -1 0 -1 0 0
0.930212 0.989486 1.113642 3.720763 29.318199 14.074307
1.022454 6.186964 11.354646 1.806134 0.918506 21
-31 75 19
0 0 -1 1 0 0
0.827697 1.105199 0.856073 3.532870 25.264273 3.161876
0.821778 6.692401 9.271013 3.164141 0.971578 14
-28 -53 -94
0 -1 0 1 0 0
0.851755 0.870608 0.965726 4.079108 22.089028 4.675926
0.852517 7.306660 3.704360 1.223353 0.910773 5
78 16 -17
0 0 1 0 1 0
1.106986 1.118720 0.822828 4.580815 3.446176 12.831829
0.867707 8.493238 3.835653 1.171201 0.825211 23
72 -95 50
0 -1 0 1 0 0
0.990048 0.990870 0.923383 4.700962 12.346628 6.111536
1.117384 3.177910 8.218887 3.028835 1.083197 4
-14 18 -48
0 1 0 0 0 -1
0.914289 0.803815 0.972516 3.995381 10.287918 13.688209
0.983055 3.528663 3.234380 1.025346 0.926810 15
-85 -50 86
0 0 -1 0 1 0
0.955276 1.020084 1.008715 3.147406 14.602591 2.927758
1.067247 8.049415 1.609144 2.067473 0.929060 32
26 -4 -4
0 0 -1 -1 0 0
0.819875 1.114726 1.077689 3.155633 24.642591 7.439998
0.845719 4.272295 3.346793 1.856789 1.045780 18
63 68 -87
1 0 0 0 0 -1
0.942858 0.964453 1.050385 3.623620 29.061905 1.068263
0.950275 3.640762 7.641861 1.583225 0.898547 24
-30 72 -72
0 0 1 0 -1 0
0.915489 0.996740 0.914723 4.450067 26.519776 11.052176
0.852572 4.002922 5.486611 1.881135 0.818993 6
-87 34 5
0 -1 0 1 0 0
0.885973 0.884788 1.087795 4.707678 16.138460 7.645617
1.088701 6.090604 1.647715 1.514189 1.100794 22
63 -71 77
0 0 -1 0 1 0
0.954916 1.021225 1.057149 4.003549 12.115476 13.718880
1.061765 7.220520 2.941029 1.811094 1.107103 7
-55 -79 6
0 0 1 0 -1 0
0.880175 0.823426 0.838452 3.911834 12.716869 16.187020
0.893351 4.847384 3.262804 1.617282 0.909198 36
-18 81 77
0 1 0 1 0 0
0.832481 1.028745 0.852083 4.260277 24.729003 5.452464
0.981244 7.983164 10.718791 2.497743 1.033817 6
26 -27 -83
0 -1 0 0 0 1
0.811850 1.088287 0.896383 4.547438 28.669722 1.342868
0.926103 7.844412 11.440101 2.487860 1.056704 25
71 46 32
1 0 0 0 0 1
0.910459 0.864763 1.071389 3.939558 19.680681 2.480656
1.090379 6.583693 2.346880 1.572011 0.990151 2
22 36 -53
0 1 0 1 0 0
1.117952 1.120585 0.942914 3.305334 5.208483 14.627700
0.801616 3.785246 7.617481 3.027462 0.910597 7
4 -75 -43
1 0 0 0 0 -1
0.955201 1.111649 0.952127 3.553606 26.782658 6.025827
1.111173 5.662152 9.363127 3.110492 1.062810 3
72 -67 -98
1 0 0 0 1 0
0.912424 1.041178 1.000816 4.455099 18.739357 1.475155
1.060340 4.135231 4.855411 1.851952 1.089408 14
47 74 67
0 0 1 0 1 0
0.961918 0.985103 1.056933 4.408647 14.648455 8.148296
0.837155 5.035903 11.073428 2.061538 0.956090 20
-60 -6 -18
0 -1 0 1 0 0
0.814905 0.886115 0.885975 3.653060 2.144511 7.647081
0.963676 7.540179 9.757285 3.168513 1.063068 5
16 98 -97
1 0 0 0 0 -1
1.032868 1.076710 1.088526 3.429550 26.025830 4.516710
0.910409 5.635783 1.326341 2.157070 0.932720 4
-59 90 -4
1 0 0 0 -1 0
0.970048 1.054168 0.923419 3.932928 21.005986 15.381446
0.965839 4.391583 3.504477 1.795342 0.811964 28
89 75 -61
0 1 0 0 0 -1
0.906428 0.808599 0.898099 4.549190 4.944543 4.731133
0.869950 6.290630 8.732634 2.690983 0.994814 30
-28 -81 52
0 0 -1 1 0 0
1.118806 0.858015 0.954558 4.414204 5.342100 13.017994
0.911788 6.025855 9.652187 2.056166 0.877453 3
-58 30 -44
-1 0 0 0 0 -1
0.917631 0.880492 0.973576 4.607982 12.260979 1.583552
1.035098 3.056299 4.738410 1.512064 0.800075 19
-15 49 -24
1 0 0 0 0 1
1.050253 0.789189 1.018890 3.627772 10.030576 8.233384
0.833655 4.738227 2.004225 2.518352 0.927875 18
24 -49 -8
0 0 -1 0 1 0
0.787540 0.904802 0.792773 4.693207 13.102057 7.202298
0.948693 4.393714 3.739915 2.791647 1.109860 31
-70 56 -25
0 -1 0 0 0 -1
0.898709 0.831350 1.090734 4.095236 5.304849 7.549649
0.814912 4.991307 10.884344 1.741783 0.802100 29
-88 37 -91
0 1 0 -1 0 0
0.918035 0.877920 1.110157 3.738511 6.986378 9.742163
1.021792 4.706915 8.785305 1.858824 0.810350 28
87 -98 -34
-1 0 0 0 0 -1
1.058217 1.120502 0.964165 4.046724 25.517559 13.333839
0.881694 3.392678 3.922681 2.634267 0.911690 4
17 -10 -86
0 0 1 0 -1 0
0.937551 0.892358 0.850656 3.601363 28.846743 4.859297
0.855217 6.673880 6.775913 2.702868 1.096957 1
-82 78 75
0 -1 0 0 0 -1
1.093556 0.856954 0.996648 3.991927 6.666626 9.911562
0.981701 6.140406 2.873304 3.030032 0.944894 7
13 67 -45
0 -1 0 0 0 1
1.091440 0.824908 1.081554 3.236822 29.051373 6.932398
1.082989 6.470264 8.783104 3.000669 0.889487 6
100 -41 -89
0 0 -1 0 -1 0
1.122054 1.003040 0.806200 3.309021 3.939033 8.529506
0.898461 6.762828 1.881951 1.725636 1.045381 32
-5 -68 -80
1 0 0 0 0 1
1.082414 1.111374 1.079191 4.257074 12.453217 1.820304
1.062202 7.485876 3.207143 1.359512 1.111906 10
74 -75 84
0 0 1 0 1 0
0.803949 0.996598 0.892720 4.500613 24.961808 6.172275
1.106333 6.281820 5.096155 1.164425 0.884227 13
-90 -9 -40
0 0 1 0 1 0
0.812254 0.915437 0.998525 3.612524 27.412416 15.316865
1.067937 4.654646 8.597729 2.203682 0.909654 7
81 -92 -29
-1 0 0 0 -1 0
1.107535 1.114686 1.041676 3.911708 19.094439 6.910290
0.812596 4.255326 10.652679 2.274697 0.933097 3
19 72 53
1 0 0 0 0 -1
0.888590 1.051518 1.038208 3.153251 14.028569 16.255066
1.025824 7.316553 4.285956 2.734263 0.961277 21
-61 -90 -21
0 0 -1 -1 0 0
0.787298 0.876190 1.060412 3.526329 6.495938 2.200260
0.883078 6.400258 1.130740 2.416403 0.799135 1
32 -30 -6
1 0 0 0 1 0
0.991964 0.945723 0.958976 3.822119 11.224268 2.888656
1.060398 4.362992 10.951047 1.513965 0.963959 17
-95 83 62
0 -1 0 -1 0 0
1.101339 1.120183 0.920946 3.272163 1.999561 2.320187
0.816934 7.900119 5.641640 2.390850 1.027023 27
-40 67 18
1 0 0 0 0 -1
1.078812 1.006511 0.919169 3.527415 9.979574 13.257645
1.049371 8.455946 6.707810 3.098969 1.025524 27
63 36 94
-1 0 0 0 0 1
0.825561 1.105986 0.836726 3.405066 21.767209 14.317889
1.017583 4.958953 6.473789 2.357931 0.883489 10
-88 -25 -92
-1 0 0 0 0 -1
0.995749 1.009000 1.058376 4.626501 11.554005 1.626147
0.937861 8.214937 5.534901 3.156099 1.071179 7
-9 95 72
-1 0 0 0 1 0
0.795291 1.108812 1.015698 3.585620 23.383133 14.785682
0.880540 5.935845 8.554208 1.481556 1.000229 14
22 33 -86
0 0 1 1 0 0
0.886791 0.879400 1.030562 3.931304 10.754345 3.864650
0.920946 8.658410 1.131900 2.311130 0.911485 1
-99 -6 49
0 0 1 -1 0 0
0.980658 0.889104 1.041009 4.474514 27.711422 5.353920
1.059300 7.201298 9.758695 1.089619 0.988795 20
16 25 -10
1 0 0 0 -1 0
0.957951 0.887517 0.897487 3.304272 29.650653 2.584619
1.107248 5.879168 3.784451 2.692702 1.121324 7
83 -8 78
-1 0 0 0 0 1
0.967916 0.883184 0.919750 4.053586 9.234360 10.946472
1.022382 6.068931 5.420650 1.718885 0.892237 7
-86 -70 79
1 0 0 0 -1 0
0.997258 1.037727 0.801109 4.625612 18.874733 14.231331
0.962359 3.217179 10.339439 1.712195 0.802990 14
-46 95 14
-1 0 0 0 0 1
0.860565 0.953357 1.018318 4.122680 14.868030 3.688168
0.998501 4.416742 9.349404 2.970450 0.796786 28
62 -10 -36
0 0 1 -1 0 0
0.802769 0.884559 1.009647 4.038423 21.212354 3.888579
0.933280 4.130423 5.658969 1.707509 1.033318 26
15 -57 98
0 0 -1 -1 0 0
0.920979 0.957755 0.949796 4.614842 21.551660 10.860312
0.879044 7.067481 7.727706 3.012089 0.974258 32
-89 35 51
-1 0 0 0 0 -1
0.898230 1.074263 0.796628 4.750222 10.922394 6.088514
0.841852 5.284321 9.727501 2.626060 0.846883 9
50 -85 77
0 1 0 0 0 -1
1.024110 0.969001 1.089165 4.298783 20.612397 9.402005
0.898686 7.347126 3.436670 1.889788 1.030325 28
90 -100 87
0 1 0 0 0 -1
0.860097 0.988801 1.050796 4.732248 2.231380 5.167487
1.008107 5.444487 1.699872 2.591151 0.873665 4
-40 87 89
-1 0 0 0 0 -1
0.812394 0.978789 0.912956 3.708467 24.206077 12.328722
0.826990 6.812430 11.393063 2.577289 0.942319 27
-95 21 77
1 0 0 0 0 1
0.850377 1.009007 0.923148 3.928187 23.079605 1.397910
0.914851 5.240278 3.133556 2.704460 1.002438 4
96 47 83
1 0 0 0 1 0
1.041743 0.843341 0.955131 3.680959 9.696700 4.969681
0.828864 6.831666 3.229077 2.373619 0.855608 5
18 86 -79
0 0 1 0 1 0
0.890418 1.103805 0.869199 3.792928 20.178182 2.540473
0.913002 4.635418 6.799501 2.381728 0.916864 3
58 -48 51
0 -1 0 1 0 0
0.996990 0.913629 1.088855 4.009279 5.008055 14.961591
1.058150 6.121148 9.516313 1.958818 1.096389 27
61 6 64
-1 0 0 0 1 0
0.880939 0.872918 0.802719 4.383950 10.698710 15.866298
0.867801 6.366446 10.554737 3.154086 0.884763 38
100 -53 -40
0 0 1 -1 0 0
1.011958 1.121739 0.974477 4.638688 25.037461 1.914909
0.960587 4.366037 3.259990 2.642310 0.998201 29
-85 49 -38
0 0 1 0 1 0
0.881732 0.983746 1.062432 3.963874 13.583717 12.439774
0.917746 6.987601 3.499328 1.931084 0.800754 10
84 29 40
0 1 0 1 0 0
1.029518 0.910822 1.118183 4.082486 20.559522 14.973656
0.892173 7.672534 7.634329 2.395489 0.813863 1
-43 73 -11
1 0 0 0 0 1
0.900414 0.842973 1.123581 3.587178 25.957607 5.650261
0.896979 5.089043 11.502932 2.342156 0.936912 5
-13 -92 -55
-1 0 0 0 0 -1
0.827876 0.895639 0.821900 3.453705 16.934837 15.671535
0.919182 4.885013 5.644722 2.712567 1.109339 31
-77 57 0
0 1 0 0 0 -1
1.104962 0.916163 0.808971 4.148960 26.663208 3.290718
1.091643 5.016087 6.073934 2.899184 1.038903 11
70 48 -95
1 0 0 0 0 1
0.804434 0.985072 1.085722 3.701431 27.116313 2.002271
0.841495 6.788286 1.211709 2.685187 1.025749 12
60 -8 56
0 0 -1 0 1 0
0.905344 0.830913 1.036599 3.654156 22.151085 4.094926
1.086161 5.970453 2.452493 1.773362 0.787078 15
-58 63 -42
0 0 1 1 0 0
0.837309 0.872187 0.887460 3.441149 26.858272 2.049397
0.894514 6.684358 9.238277 2.135790 0.986286 6
82 86 -55
0 -1 0 0 0 -1
1.094141 0.817125 1.054845 4.030143 20.183453 9.829723
0.893885 6.692006 2.890900 1.187692 1.117670 3
27 37 -71
0 0 1 0 -1 0
0.883925 1.072808 1.046670 3.093675 16.972567 14.886126
1.060879 4.089465 5.413442 1.081438 0.922425 1
-4 -42 -82
1 0 0 0 0 -1
0.849570 0.900372 1.106041 4.354392 24.468093 3.359819
1.036039 5.274626 7.645169 2.185990 0.966778 30
57 89 -53
1 0 0 0 0 -1
1.110310 1.091890 0.892698 4.544923 16.203658 2.879126
1.112822 4.442480 4.092494 1.358649 0.909799 24
48 57 -58
0 -1 0 -1 0 0
1.005633 0.963304 0.840852 4.254665 20.518284 10.725049
0.888698 7.176138 9.288546 2.711111 1.034831 14
69 94 -23
0 -1 0 0 0 1
0.796889 1.084472 0.846820 3.646220 16.306107 1.548549
1.053281 5.517815 1.137543 2.005874 0.814557 29
-66 -62 0
0 0 1 -1 0 0
0.790218 0.787089 1.122165 3.131003 28.060023 8.429297
0.955261 3.817407 2.145819 2.502543 1.003712 9
72 92 57
-1 0 0 0 -1 0
0.841929 0.818027 0.937256 4.467321 28.348342 15.684965
0.834715 5.749348 4.839192 2.347473 0.951565 14
65 73 43
0 1 0 0 0 -1
0.987609 0.901812 0.883614 4.137403 3.220213 8.644173
1.038563 5.077153 11.511876 1.802715 0.959508 18
-33 42 33
1 0 0 0 1 0
0.837084 0.875572 0.796371 3.056086 28.013283 12.111506
1.047530 6.309700 11.623312 1.551209 1.030868 15
25 19 -63
0 1 0 1 0 0
0.950699 0.978050 1.047552 3.785153 28.449000 7.507151
1.008029 3.906526 3.576925 1.181982 0.931418 14
12 19 -55
0 0 -1 0 1 0
0.878091 1.079765 0.809705 3.327624 15.074524 4.427946
0.788599 3.049123 1.982476 2.779505 0.833577 31
-3 79 -24
-1 0 0 0 -1 0
0.867937 0.875025 0.911742 3.547981 11.965958 7.021783
1.076232 4.373513 2.639221 1.087197 1.065732 24
-32 -23 91
0 1 0 0 0 -1
0.981657 1.118111 0.930574 3.785775 3.037062 5.543346
0.947380 4.428034 8.390296 2.178695 0.879750 11
28 31 -37
0 0 1 0 1 0
0.914405 0.832350 0.863597 3.562676 19.854330 4.735480
0.842817 8.389302 10.814309 2.735097 0.929067 38
8 -18 -73
0 0 1 -1 0 0
1.117271 0.928849 1.017641 4.753503 9.074945 1.418933
0.893765 4.113812 1.659594 2.106241 0.897073 38
-17 -46 82
-1 0 0 0 0 1
0.981932 0.807526 0.971674 3.008484 8.019103 3.927828
0.962264 4.486433 11.323989 1.327927 0.941721 18
57 -44 77
-1 0 0 0 0 1
1.040009 0.888967 0.905607 3.721808 28.301150 16.270680
1.046645 3.213254 10.164230 1.998039 0.837395 28
-15 -15 -90
0 0 1 1 0 0
1.101741 0.829703 0.993884 3.514344 13.898778 6.832808
1.084879 8.526016 6.600799 1.268734 1.053660 35
92 -68 4
-1 0 0 0 0 1
1.060576 1.074532 0.788496 3.129021 4.168256 10.553348
0.964459 3.610563 10.054128 1.479514 0.906404 5
-19 -66 86
0 1 0 0 0 1
1.112189 1.070439 0.806619 3.485062 9.157292 13.475706
0.860839 3.016859 10.589760 2.771373 1.080207 21
50 98 72
-1 0 0 0 1 0
1.055183 0.914931 0.879305 3.983019 18.505701 2.541912
1.097470 8.241403 8.563825 1.521882 0.916701 26
-82 -72 -49
1 0 0 0 -1 0
0.902053 1.063316 0.847243 3.806274 18.687577 1.769530
1.000000 3.342079 4.748605 2.885674 0.886392 6
-76 36 94
0 0 1 0 -1 0
0.863282 1.019173 0.887449 4.736363 25.081364 7.458311
1.064853 4.942494 5.761586 1.656928 0.939448 11
-97 29 7
0 0 -1 0 1 0
1.037458 0.794685 0.960544 3.233604 15.597876 12.540984
1.049489 8.588647 7.472494 2.008622 1.069783 29
-34 -30 27
0 0 -1 0 1 0
0.906773 1.026717 0.930421 3.235077 22.357430 12.114809
1.037561 7.567131 11.292908 2.244642 0.940903 17
-79 -77 10
-1 0 0 0 0 -1
0.807217 0.794513 1.025362 4.285769 19.252971 2.082390
1.061518 6.338247 8.263743 3.194148 0.983064 8
35 -78 -37
0 1 0 -1 0 0
0.892148 1.071186 1.121181 3.403892 8.831418 14.406147
0.998960 8.483435 2.090915 2.485722 1.037797 32
-65 14 97
-1 0 0 0 0 1
1.124789 0.825531 0.931541 4.351721 2.727313 7.297152
0.944406 3.130733 2.892770 1.363602 1.046909 10
