2 10
21 23 44
1 0 0 0 0 -1
1.370691 1.454176 1.190334 3.180302 82.501909 96.210538
1.302854 17.432549 1.768287 9.960879 1.562669 2
49 -33 89
0 0 1 -1 0 0
1.391487 0.891868 1.403014 3.068030 60.187477 11.951266
1.324930 13.626559 1.684681 6.846842 0.974371 2
-52 12 93
0 1 0 0 0 -1
0.799201 1.215589 1.308981 3.238161 80.965213 32.902691
1.325349 16.397274 1.314324 3.730921 1.050881 1
52 -35 73
0 1 0 1 0 0
1.404188 0.977948 0.944824 3.640456 30.305703 69.205521
1.390887 17.440525 1.957737 9.518239 0.878449 2
